9383
14970
24151
25611
26816
27376
34948
41077
45318
48378
56960
64154
74004
79198
83825
93441
101757
108283
115789
122792
128143
131160
133497
141065
146295
155750
165156
172862
180261
186570
194959
198259
205801
213665
217654
220296
221333
227838
229015
232601
241670
245781
255222
258224
260848
270780
271892
275893
276704
279704
282317
283168
286895
294680
304138
309601
312511
318149
319257
320708
321753
325659
330015
331538
340450
340570
344676
348726
355731
364360
368104
375144
380462
386420
387354
390196
391074
398271
406406
414400
418127
425508
426810
431796
432136
437215
437960
438069
440639
444903
448685
452615
459071
462529
467528
468320
478178
485015
485231
493685
500480
509870
510440
514974
524809
528880
538347
543997
544394
546284
546636
548529
549574
559284
567474
568180
576097
584403
591973
600993
610313
611168
619697
625126
625219
627490
628205
633949
641330
646573
651400
659865
669234
676389
685621
688751
689169
692383
699756
702242
706250
709212
709850
717626
725721
730835
733249
740018
740598
749923
758213
759965
766129
768112
773724
780889
782735
786236
786597
790164
791903
800545
804903
808481
813950
817775
823740
831207
831657
834973
835697
842753
846088
848985
857058
862749
870960
875835
878766
883946
890418
893561
896314
902725
906288
914695
920069
926952
936234
938405
942004
951026
956189
958977
959653
961766
970457
976520
984006
988848
992424
999436
1008869
1011838
1019823
1023461
1028179
1031296
1034840
1039041
1042529
1044782
1050835
1057753
1059528
1067839
1068371
1069931
1078441
1080529
1083219
1089287
1098135
1098377
1103605
1113345
1116308
1124704
1131194
1133421
1140810
1146305
1150319
1155556
1163517
1169874
1173605
1181563
1183311
1190145
1193527
1203148
1209209
1216469
1217751
1219379
1221857
1229538
1231273
1231305
1238160
1244668
1250517
1255275
1260255
1263835
1270675
1280300
1289988
1294575
1304277
1306393
1309485
1315258
1317964
1324467
1334145
1338977
1346507
1346934
1350464
1352636
1353320
1358937
1363992
1365742
1368358
1371390
1374655
1376908
1384909
1391829
1400514
1408139
1410347
1419020
1427055
1434539
1441438
1441811
1444450
1448558
1453923
1462147
1463319
1465369
1467631
1473650
1478692
1484114
1491004
1497951
1502281
1503473
1509425
1515682
1515957
1516008
1517823
1522158
1523405
1530577
1535205
1542763
1544736
1553505
1558649
1560139
1565341
1567617
1575663
1576454
1577013
1584396
1587725
1596030
1604485
1605951
1608048
1608251
1612680
1615768
1621204
1627290
1629803
1639076
1642203
1643882
1651406
1657514
1661894
1670766
1674348
1677206
1685474
1689920
1690940
1697143
1702883
1705217
1705989
1707270
1716895
1722608
1728140
1728474
1735394
1743674
1747120
1748097
1754555
1758778
1761066
1765548
1773557
1774133
1776866
1777827
1778791
1779926
1783270
1790011
1794518
1799125
1808280
1811431
1819561
1823869
1825501
1827629
1833328
1839796
1849199
1855512
1857613
1866350
1875284
1875544
1877789
1881049
1881245
1886591
1894815
1902544
1902656
1904042
1909842
1916797
1922875
1929955
1937083
1939385
1943187
1948014
1956228
1962131
1962827
1963878
1964823
1972478
1975541
1980836
1986057
1992616
1995922
2000401
2001248
2008710
2014274
2016278
2024898
2025336
2034842
2039738
2049235
2052725
2060044
2061239
2068814
2077661
2081164
2083223
2084317
2088016
2092420
2100681
2102524
2102759
2105988
2107875
2110551
2112282
2112326
2121368
2127412
2130351
2137145
2146330
2152092
2158652
2166708
2173988
2181562
2190498
2191267
2199085
2202636
2205296
2206040
2206722
2213042
2215867
2222954
2224001
2229888
2233719
2237690
2239326
2240573
2247217
2254702
2264013
2271045
2271594
2278519
2287558
2293563
2297901
2304896
2306245
2313502
2321318
2324484
2328762
2338163
2343132
2352441
2356318
2362602
2371511
2377174
2381508
2381529
2387041
2396207
2401707
2402352
2402645
2411945
2419882
2425143
2427933
2432655
2438414
2442813
2443529
2445380
2453499
2455653
2463970
2466486
2467509
2475418
2480909
2481563
2482779
2484187
2490672
2492234
2501347
2504032
2512596
2514310
2523116
2532528
2540124
2543514
2543653
2552025
2555537
2563815
2569921
2579227
2586760
2588785
2593415
2602458
2609324
2614363
2614907
2615764
2619302
2626916
2629757
2633339
2641564
2644828
2652288
2660216
2669165
2677675
2683413
2691050
2699596
2701849
2708680
2713632
2719248
2721061
2722589
2730687
2732437
2732471
2735403
2743175
2747237
2750385
2758246
2767175
2774519
2783764
2784146
2793335
2794806
2799587
2805220
2814333
2821673
2827522
2832554
2834663
2837895
2839452
2846466
2849591
2854070
2858453
2863506
2864018
2871396
2874004
2874069
2880254
2884937
2889281
2898589
2906066
2910418
2915395
2920913
2927583
2933023
2934896
2935600
2944641
2947074
2949864
2958169
2966622
2975183
2981624
2983016
2985038
2993695
2994899
2998875
3003308
3009688
3015321
3016160
3017774
3021847
3027110
3033165
3035180
3035826
3038195
3045741
3046407
3054012
3056680
3058155
3063500
3068962
3070232
3074244
3083075
3083555
3091477
3097107
3098405
3101390
3102866
3107102
3112296
3118993
3119615
3127660
3131637
3136030
3144466
3153718
3160486
3169658
3178487
3186786
3193851
3195273
3204054
3204668
3206635
3207410
3213738
3215605
3216775
3217875
3225600
3230058
3238782
3245652
3249377
3257022
3265097
3266372
3273221
3280135
3283712
3287154
3294297
3302438
3304563
3310479
3312815
3320698
3328699
3332049
3336120
3345082
3347816
3349924
3357760
3361720
3368899
3372126
3377834
3379257
3384380
3393043
3399393
3400621
3408609
3412097
3420493
3426279
3435565
3440982
3448220
3449198
3450811
3459361
3464784
3471007
3475100
3482027
3485604
3491095
3495733
3502846
3506705
3513843
3515606
3523015
3531759
3539381
3543779
3550283
3553500
3554841
3559154
3562227
3570826
3578120
3581124
3585889
3587486
3594661
3599425
3603059
3605880
3611639
3614074
3623061
3630322
3631329
3632920
3638436
3642571
3651648
3654924
3660974
3668089
3670624
3679036
3684045
3689979
3697032
3701571
3702810
3704704
3713037
3720616
3723858
3729542
3731161
3737177
3738954
3744210
3747836
3752031
3755087
3759575
3765997
3768792
3769658
3772510
3773440
3775005
3777384
3784189
3788986
3789773
3794938
3800732
3806297
3808025
3810899
3817151
3825419
3834365
3839449
3845229
3846519
3847678
3856323
3861777
3865720
3868353
3872651
3878446
3881445
3889317
3890712
3899598
3904018
3911815
3913137
3915312
3924266
3925077
3926592
3928621
3930434
3939531
3944221
3948728
3954666
3962149
3967003
3970773
3979712
3983049
3991106
3992478
3995331
4001497
4004420
4006145
4009962
4017604
4026699
4030581
4035518
4039979
4047739
4050697
4057222
4062958
4069426
4077719
4079109
4083189
4084372
4084887
4093020
4096769
4101253
4110395
4114075
4118717
4123478
4132075
4141140
4148519
4155382
4159648
4163970
4164715
4165864
4170552
4176298
4178048
4178998
4182370
4189650
4197031
4205893
4213507
4215691
4223840
4231652
4237702
4239753
4240695
4244161
4251910
4256450
4261162
4267831
4272751
4274886
4281538
4286294
4294557
4299049
4301975
4308836
4310250
4314804
4315117
4320708
4326633
4328885
4334363
4336866
4345361
4346547
4346893
4354872
4355545
4356115
4360947
4364546
4372575
4378940
4379487
4381782
4385142
4388631
4396864
4400159
4403014
4404414
4411892
4416941
4424601
4433017
4439801
4440832
4440838
4442179
4449387
4451970
4455551
4455630
4461970
4470430
4477250
4479118
4486287
4490075
4494957
4501572
4507478
4512597
4521349
4527494
4533421
4539686
4546409
4553680
4554508
4557035
4563918
4568368
4575601
4578533
4578824
4584526
4590339
4598830
4600981
4603673
4609735
4618533
4625972
4628290
4628414
4630938
4638347
4645460
4646150
4648463
4653420
4659452
4665387
4672099
4679046
4680032
4683065
4686373
4686695
4690612
4696437
4702369
4705537
4705610
4708594
4710253
4711463
4711660
4716146
4719200
4723954
4727476
4732944
4739102
4741258
4743648
4748155
4752800
4756774
4762946
4769034
4771428
4771517
4779330
4782074
4784457
4792189
4798562
4804255
4810403
4817126
4825896
4829029
4829163
4832066
4835343
4842425
4849825
4853187
4855412
4857297
4862149
4864881
4870456
4870926
4875496
4881795
4883044
4889338
4897923
4901942
4907563
4908742
4912056
4918146
4926400
4928947
4936832
4943329
4949497
4949932
4955840
4961081
4963431
4970466
4978758
4983074
4984753
4993203
4993241
5000028
5004672
5006857
5008454
5015147
5020228
5026691
5027720
5029020
5031233
5039483
5040162
5043060
5048504
5049600
5058104
5063880
5065433
5073512
5073787
5079213
5081324
5087421
5092382
5094370
5101020
5106860
5107532
5109871
5118481
5123970
5130882
5138276
5146237
5154612
5156861
5162154
5168047
5172439
5179526
5184761
5191645
5199882
5204721
5205538
5214089
5214833
5219536
5220224
5222046
5225027
5225491
5227704
5228577
5231286
5236710
5237197
5242628
5246696
5254211
5263005
5264786
5268121
5270507
5276710
5280475
5282076
5284916
5288231
5295269
5296462
5300292
5302441
5308571
5313139
5318268
5322539
5325781
5326463
5335339
5339922
5341758
5342799
5347143
5350920
5357500
5359467
5363400
5372263
5379826
5386003
5388643
5393771
5401197
5405386
5408692
5412544
5420248
5424335
5427393
5427521
5434998
5437068
5443506
5452031
5459128
5464414
5469817
5471585
5476259
5480642
5488618
5493915
5498752
5506889
5511532
5512366
5514850
5519063
5524819
5529259
5532224
5536105
5541528
5549288
5556420
5557176
5562054
5565619
5568319
5577088
5579403
5582580
5585564
5586534
5589412
5589550
5598065
5605884
5614141
5619048
5624469
5628695
5633725
5634513
5635561
5641870
5647127
5654915
5661293
5668135
5671551
5680242
5685258
5693252
5694890
5699551
5704524
5710137
5718781
5726435
5733881
5736314
5740096
5748577
5756610
5764150
5764614
5768319
5773990
5775962
5780705
5783627
5786123
5788996
5793731
5801506
5808368
5817101
5818234
5821539
5822183
5824666
5826220
5834564
5834869
5835408
5838500
5846939
5850829
5853067
5856885
5861947
5863587
5865728
5867139
5874421
5876267
5877158
5885688
5894079
5895938
5900940
5906377
5907834
5914584
5917479
5919532
5921136
5928537
5934389
5940064
5946461
5954184
5960098
5966637
5970009
5977787
5981312
5985000
5989475
5991347
5994001
5998140
6004839
6011291
6012314
6016839
6021478
6026822
6032965
6033164
6038747
6039909
6041122
6041539
6043544
6043951
6048015
6049282
6053513
6061395
6064418
6068544
6069708
6072597
6080423
6088368
6092821
6097770
6103715
6103956
6110240
6118317
6124425
6126140
6131038
6135698
6143597
6148717
6151042
6154206
6161863
6166709
6169531
6175882
6177146
6178778
6183755
6188876
6189381
6190627
6198020
6205810
6208442
6212650
6213592
6213824
6215507
6223195
6229680
6237654
6240699
6242836
6248059
6250720
6250805
6256141
6258657
6259600
6265565
6272111
6277864
6279281
6279460
6283652
6284035
6286179
6294400
6299298
6301514
6309282
6316078
6317258
6322955
6325731
6326986
6331429
6333806
6341364
6346682
6350194
6352366
6353232
6361172
6361271
6364446
6364482
6371301
6379816
6383422
6389210
6392069
6394560
6401446
6407589
6411362
6417206
6420314
6426683
6433102
6435276
6438155
6439911
6445247
6452304
6453862
6457965
6461171
6467449
6468417
6472044
6477635
6482145
6485462
6492644
6496734
6500621
6502889
6507183
6508019
6512812
6519347
6519989
6520115
6525965
6527490
6527750
6530553
6537167
6538708
6539195
6542303
6550897
6556609
6560397
6566161
6572153
6578580
6585175
6587092
6588966
6597085
6599495
6606801
6615039
6621639
6623570
6629169
6636629
6638120
6638281
6645640
6646088
6650791
6655371
6657532
6660600
6662126
6663440
6666832
6670202
6673655
6680765
6687925
6694303
6696201
6701581
6705480
6708381
6711302
6713095
6716856
6717747
6722309
6726770
6730509
6734808
6742209
6750634
6751933
6758726
6764745
6771796
6775170
6775522
6781395
6783378
6785185
6787189
6794055
6797183
6799024
6803728
6807093
6809287
6809787
6814152
6820286
6825034
6828689
6833919
6841660
6848028
6852759
6856626
6861609
6867485
6870553
6878554
6885960
6887096
6888030
6890531
6895045
6903020
6906219
6909630
6913655
6922008
6928141
6934265
6941209
6946210
6950580
6955389
6958509
6965279
6972132
6980253
6984432
6990117
6990904
6993061
6994307
6999484
7001816
7005202
7011219
7013306
7017211
7018255
7021937
7025440
7028855
7031534
7039653
7046902
7054231
7058732
7064065
7070900
7071062
7072490
7074257
7075908
7081944
7085873
7091856
7097555
7102470
7107498
7108815
7109429
7112310
7116699
7119369
7119646
7126754
7132165
7138952
7147123
7151626
7153805
7153929
7159647
7162544
7167041
7170656
7173357
7176791
7184642
7185608
7186139
7194228
7195052
7197458
7197634
7198520
7203378
7208525
7213165
7214705
7219601
7221514
7225399
7227545
7229283
7231005
7234676
7235977
7237342
7239372
7243055
7248260
7250110
7258031
7260226
7265770
7266100
7272174
7274860
7277122
7282817
7290003
7292178
7297316
7297374
7297492
7303473
7308759
7312703
7320523
7325470
7329786
7337583
7343998
7347252
7348486
7354022
7358386
7359060
7359624
7365945
7373845
7376145
7379586
7384051
7385287
7386561
7391568
7399746
7405611
7412442
7416628
7421530
7425984
7428017
7433176
7433984
7439503
7443622
7450930
7451683
7453312
7454132
7461918
7466925
7468205
7472745
7473468
7475715
7480388
7481658
7489285
7497486
7502654
7508536
7516066
7518747
7526290
7530606
7536925
7541390
7542112
7543942
7547555
7551193
7556625
7561630
7563969
7568664
7571520
7578451
7585914
7591747
7598908
7606856
7609084
7611943
7616352
7618621
7621120
7625297
7629540
7634062
7637998
7642064
7645780
7650368
7656536
7657256
7665306
7673242
7678461
7686394
7694509
7695749
7703022
7710635
7718428
7722517
7726863
7732319
7734234
7738263
7742155
7744237
7750330
7754738
7758701
7765631
7771573
7772830
7773320
7779643
7783458
7791209
7796666
7800812
7802843
7806145
7814148
7814213
7819791
7824198
7824391
7824708
7830933
7831617
7837021
7837388
7838609
7846074
7853953
7854142
7856863
7860231
7861204
7862383
7863853
7866489
7874758
7877412
7882887
7886467
7889255
7889663
7893359
7900380
7906609
7908450
7909848
7909916
7911525
7911945
7913150
7915439
7915699
7919231
7924354
7925304
7925683
7933909
7941940
7942047
7948125
7949320
7952081
7958471
7961880
7966397
7968419
7970656
7973840
7979926
7980152
7986885
7987773
7989205
7992548
7997882
8000733
8004865
8008385
8016073
8016754
8022656
8029269
8029488
8033696
8038122
8043480
8044185
8045925
8050954
8057231
8062384
8066438
8072215
8079451
8083842
8088371
8095718
8099467
8105027
8105781
8112810
8113903
8114175
8114602
8120705
8121143
8122048
8125085
8125091
8126965
8131512
8135235
8140847
8143105
8149576
8153724
8160321
8167695
8171988
8175420
8181547
8184276
8190974
8192311
8195461
8201870
8208433
8208965
8211396
8217616
8223261
8229495
8235386
8241957
8242665
8245325
8249171
8252867
8256068
8259415
8267116
8270808
8272669
8278041
8285653
8286887
8292188
8297263
8299326
8301414
8306284
8314293
8315308
8319977
8323339
8325841
8330744
8331775
8333314
8340471
8343825
8344764
8352102
8358476
8361668
8362434
8364582
8372241
8373060
8380068
8385821
8388918
8396557
8399619
8405640
8406273
8414335
8422296
8423256
8426793
8427096
8431434
8432679
8439953
8442343
8444298
8448440
8451800
8454050
8460072
8463898
8469205
8469837
8476769
8478491
8482020
8489395
8496063
8504087
8504685
8507363
8512807
8518641
8521046
8523377
8527744
8533408
8536566
8539126
8543561
8545233
8546153
8550034
8550680
8554382
8561908
8567455
8570667
8571965
8576747
8583508
8587766
8590546
8593302
8599372
8606882
8607264
8610785
8611633
8613467
8616580
8617985
8621325
8626676
8630995
8637587
8640635
8643969
8648193
8649995
8657607
8659386
8663150
8670778
8670827
8672162
8674936
8680920
8685330
8691388
8698462
8703139
8710985
8718233
8723244
8726241
8727466
8732519
8739176
8740273
8742796
8747028
8752275
8754446
8760821
8763525
8767405
8772542
8779804
8782947
8786635
8793239
8797126
8797702
8798106
8803376
8806713
8813303
8821097
8828357
8833348
8834929
8842849
8847000
8850318
8853134
8859819
8866457
8874359
8878934
8884510
8886666
8891362
8892795
8894875
8897713
8898715
8903803
8906569
8914446
8920186
8927060
8930611
8937940
8939060
8943884
8948975
8956968
8957978
8964366
8971316
8973852
8976541
8982437
8989350
8994743
8997679
8998179
9000649
9003715
9008663
9013039
9016126
9017570
9022711
9023332
9030953
9032673
9034558
9041907
9043731
9046317
9052446
9055515
9055979
9060675
9063009
9069233
9075267
9082442
9088076
9096036
9096203
9098669
9103332
9109634
9113620
9120385
9122795
9127689
9132695
9138456
9145452
9145660
9150698
9156561
9162939
9169346
9175161
9181760
9185212
9190732
9190783
9196915
9199883
9203950
9204981
9210307
9214481
9215019
9221984
9229432
9231583
9235669
9237566
9243655
9244257
9247780
9254718
9254795
9255921
9258680
9259188
9263139
9265182
9270706
9274727
9281870
9288055
9292650
9293669
9296537
9303720
9305117
9312169
9314678
9318096
9323278
9323737
9324295
9329360
9332304
9339686
9343149
9346887
9349385
9349399
9351542
9355700
9356130
9357356
9362440
9364495
9371819
9373756
9377123
9382168
9385481
9385564
9385898
9387643
9391011
9394150
9399934
9403206
9409750
9410998
9415150
9421384
9423381
9426273
9430930
9430963
9437704
9437903
9444041
9448575
9451375
9458446
9465705
9469641
9474816
9476931
9478908
9485251
9488996
9495292
9496074
9498088
9501048
9504853
9508116
9508282
9510382
9514931
9520017
9522558
9528339
9528904
9529818
9532934
9532953
9537801
9542556
9549371
9550892
9552663
9556940
9560543
9566139
9568546
9575935
9577916
9585554
9587068
9590647
9594754
9597447
9598268
9604557
9606175
9607388
9615076
9616260
9622551
9624965
9625400
9632267
9638801
9643728
9649138
9654133
9658658
9662531
9664997
9670278
9675314
9676728
9680624
9683936
9688586
9689191
9694832
9699046
9699911
9707277
9712689
9717292
9718902
9720810
9725481
9725819
9733351
9739542
9740811
9741413
9746189
9753348
9759371
9763629
9764660
9767276
9769776
9776456
9782961
9786530
9788076
9794804
9800946
9805442
9810273
9814775
9820391
9826152
9829351
9830742
9834832
9840967
9845823
9848573
9850481
9850644
9852741
9857563
9864928
9867222
9871205
9877030
9884668
9889931
9895938
9902859
9906181
9910089
9917674
9924185
9924306
9929446
9936194
9938345
9943574
9944099
9944501
9945893
9953265
9957456
9957742
9965376
9972192
9977917
9980689
9985990
9991154
9995132
9999780
10002984
10007294
10007651
10012845
10015975
10018046
10022146
10027917
10030256
10033042
10038530
10041240
10045132
10050326
10055613
10061670
10068004
10073145
10076665
10078989
10082526
10084001
10085624
10090065
10091064
10094378
10098118
10105512
10106791
10107806
10111113
10117932
10122015
10125481
10126804
10134355
10140741
10147422
10148332
10150728
10151794
10158906
10161752
10162978
10170600
10175682
10181135
10184934
10186000
10191498
10198483
10199110
10199612
10202830
10207228
10214834
10220941
10225739
10232226
10237072
10237431
10237903
10241646
10247366
10248884
10250516
10256914
10258819
10261965
10267422
10272582
10275202
10279036
10281485
10282284
10283013
10283204
10285616
10289419
10294780
10298078
10304496
10309448
10310208
10316532
10319359
10320859
10322806
10330155
10334535
10339906
10343814
10348254
10354098
10357677
10359556
10364994
10369469
10371006
10374352
10377606
10382327
10382483
10386374
10392997
10394447
10397386
10402583
10405841
10411436
10418020
10419827
10424201
10427465
10428577
10435669
10442049
10448901
10450699
10456738
10459946
10464866
10471492
10478708
10479147
10483398
10488136
10493269
10497393
10504097
10507322
10514622
10515187
10519266
10525307
10529807
10532253
10534795
10540076
10543151
10543565
10548455
10553535
10555989
10556618
10560874
10561854
10567502
10570394
10576804
10577264
10584135
10588673
10590333
10595897
10602696
10605465
10607907
10610073
10612565
10615806
10617175
10623361
10625592
10632740
10638711
10640114
10642663
10644942
10645510
10645583
10650513
10652331
10654009
10656286
10659005
10665814
10669872
10675488
10677273
10677450
10681700
10682427
10684715
10689134
10694973
10695960
10697479
10700698
10704838
10705833
10708648
10714580
10720758
10721947
10723547
10728578
10736090
10738123
10740191
10743375
10747642
10749990
10755051
10758839
10766113
10772861
10773384
10776321
10782846
10787253
10791288
10792574
10793394
10796320
10797713
10798948
10798995
10801369
10805785
10811814
10812112
10812385
10814750
10819687
10823009
10823337
10830271
10830335
10833868
10836460
10842014
10847825
10854086
10858735
10863155
10868907
10869468
10872435
10872534
10875311
10878805
10885055
10890122
10890153
10895107
10895497
10895986
10900375
10901236
10907963
10908612
10909540
10910203
10914645
10922079
10926689
10930315
10936214
10942530
10943325
10943348
10948846
10952980
10955562
10962532
10964222
10964745
10970157
10975315
10981555
10982041
10983688
10989036
10992982
10996284
10998582
11001515
11006894
11013025
11014768
11015512
11018326
11024147
11029533
11030582
11033639
11035102
11038534
11041012
11043284
11044085
11049456
11056576
11058441
11062115
11065221
11071251
11075203
11078002
11078028
11080310
11087247
11090025
11090109
11096318
11103660
11110331
11117391
11121195
11128014
11131164
11134403
11139856
11143433
11149177
11153666
11154027
11154466
11155412
11160132
11160962
11167886
11169161
11173709
11174090
11175160
11175412
11182233
11185371
11188396
11191140
11191812
11198009
11200781
11204816
11211960
11214389
11216253
11220357
11224569
11230926
11231491
11231618
11234369
11240720
11243063
11248744
11249204
11254560
11255284
11256042
11261772
11262687
11266550
11269670
11272479
11278897
11280185
11285455
11291147
11297949
11298855
11300255
11307573
11308892
11311071
11314835
11318850
11320084
11322514
11323241
11325460
11330012
11337134
11341107
11346947
11350727
11357121
11358626
11359860
11363211
11365247
11368592
11375661
11377060
11384338
11386988
11393643
11399548
11401947
11409101
11413657
11416722
11421133
11421840
11427892
11431392
11437984
11440824
11443348
11447608
11454000
11459371
11463838
11464741
11468553
11473252
11478280
11478567
11479929
11482001
11489278
11495621
11498061
11500891
11502939
11504863
11505882
11511624
11512934
11518735
11521793
11525148
11526197
11528788
11533356
11533448
11538602
11539755
11544579
11549033
11551443
11555156
11557264
11562807
11565346
11567725
11572561
11577229
11577720
11583054
11586407
11590528
11596891
11602201
11606287
11608976
11609235
11614658
11618221
11623303
11626828
11633650
11639176
11640315
11644575
11649321
11653577
11656326
11661507
11665569
11671102
11675532
11676155
11679064
11680315
11681870
11688881
11691164
11692383
11698278
11701244
11701728
11708934
11711939
11716832
11718553
11725670
11732425
11736313
11741930
11748034
11748841
11751364
11757389
11761532
11768235
11770453
11771365
11773144
11774324
11781050
11781909
11784626
11785333
11786670
11787102
11787498
11794485
11801029
11806123
11806862
11810312
11813604
11813875
11814318
11817555
11819122
11819870
11822124
11825813
11828395
11835167
11835734
11841540
11842438
11845149
11845561
11845745
11846817
11847350
11850212
11854756
11855792
11862595
11869479
11872550
11876422
11882372
11885450
11885783
11891466
11891770
11896542
11901200
11907196
11912094
11912459
11912940
11916426
11916641
11923155
11928261
11929589
11935193
11941960
11943198
11949252
11954158
11956768
11959778
11960825
11963621
11964120
11965375
11969875
11969963
11975421
11977006
11981608
11981894
11986016
11989068
11992585
11996463
11997610
12003715
12010118
12014594
12016054
12021356
12023570
12025803
12029431
12035290
12040448
12046496
12050956
12056518
12057759
12061041
12065624
12065824
12071378
12078321
12083346
12087864
12093690
12094767
12095523
12097343
12097950
12103137
12108465
12113392
12116428
12118063
12118530
12123031
12127796
12128071
12133239
12136117
12136584
12139060
12143027
12144201
12148245
12148903
12150922
12153074
12160085
12161970
12165332
12165933
12168820
12171818
12176060
12180604
12186138
12192408
12194193
12195414
12195907
12197225
12198942
12203689
12206739
12209849
12216298
12220317
12222664
12229366
12230928
12237573
12242725
12246994
12251724
12256949
12259101
12260783
12261125
12265139
12269453
12270159
12274123
12278386
12280357
12283355
12284305
12287722
12290525
12291462
12295772
12295995
12300742
12304319
12308886
12309140
12312065
12315224
12315741
12319559
12321937
12322135
12326843
12332485
12339409
12340584
12345175
12347404
12350694
12353451
12357240
12359391
12364809
12366333
12372898
12374002
12374886
12377777
12384197
12387537
12388004
12393532
12397319
12401374
12404405
12411062
12412551
12419517
12425877
12426424
12432552
12433329
12435755
12437252
12443293
12443323
12447777
12449677
12453228
12457230
12458127
12458301
12458980
12461751
12468162
12474792
12475509
12479249
12486047
12488816
12495097
12495281
12499249
12504051
12504698
12509291
12515886
12519703
12522185
12528280
12530803
12537729
12540697
12544449
12545989
12547334
12549911
12551980
12558235
12563367
12569495
12570077
12571404
12572114
12577186
12578101
12578739
12580503
12580877
12584307
12584841
12585504
12588277
12588295
12593002
12598925
12599953
12603783
12607541
12610236
12615806
12621593
12625533
12629501
12635905
12636157
12639160
12642280
12643236
12649184
12653029
12658148
12660675
12664026
12670246
12675851
12679126
12683787
12690176
12696381
12696667
12699418
12704180
12705541
12709373
12711564
12717291
12719758
12725375
12731709
12737592
12738847
12745708
12747410
12747970
12748647
12748712
12751335
12753127
12758809
12764297
12767516
12771218
12776034
12780037
12781183
12786239
12789814
12791286
12793105
12799481
12803047
12807714
12813372
12818749
12825636
12830994
12835537
12841753
12844613
12846810
12851941
12852842
12857709
12864188
12867767
12873631
12877554
12883626
12889538
12892918
12898279
12901388
12904501
12906248
12909521
12911557
12918307
12923459
12924734
12925356
12931792
12933230
12936157
12938642
12940619
12945170
12949478
12952079
12955364
12959057
12963536
12969832
12974543
12975876
12978111
12979424
12979876
12983996
12988462
12991799
12994452
12997262
13003416
13006208
13009392
13016160
13019798
13021221
13026071
13032877
13035358
13042127
13043721
13045012
13048075
13051864
13058577
13064796
13071388
13076525
13083334
13089984
13089985
13093371
13094034
13098927
13102914
13104364
13105225
13109294
13113426
13114407
13119235
13121906
13123173
13129881
13130840
13132757
13139488
13141517
13143845
13148738
13150811
13153756
13156953
13160941
13163945
13166559
13171351
13174479
13179973
13184069
13186508
13187295
13193942
13196216
13201553
13207125
13208600
13212899
13218932
13218949
13220268
13220668
13226624
13227777
13231083
13232946
13235526
13240781
13246654
13250031
13252235
13255634
13256983
13263632
13265774
13268568
13271609
13271875
13276393
13279716
13283541
13288525
13292148
13298375
13303744
13304512
13308104
13310235
13310939
13311708
13316458
13318115
13323827
13324494
13330756
13334955
13340837
13342623
13346265
13346665
13350811
13351163
13357235
13360336
13362904
13364355
13369233
13369868
13370662
13370855
13373821
13379257
13379715
13383083
13383140
13389676
13390839
13391232
13397304
13403593
13407496
13409313
13411726
13412985
13417350
13420140
13422396
13424483
13429182
13431254
13434693
13439494
13441999
13448332
13451920
13458486
13459432
13461103
13467300
13473142
13476077
13481254
13481678
13482593
13483150
13484747
13488652
13494793
13497349
13501603
13506415
13510537
13513548
13517728
13524228
13528527
13534559
13538212
13543541
13545929
13552626
13556522
13556655
13560208
13563061
13567072
13572117
13574757
13576164
13576776
13580467
13585625
13591462
13594362
13596942
13602316
13603390
13608207
13611764
13612002
13618603
13618840
13621469
13621999
13624541
13627400
13631868
13633093
13634905
13637648
13641210
13644461
13649932
13653968
13660243
13663128
13667038
13670112
13674955
13679028
13681000
13687379
13688235
13689271
13694387
13698578
13701137
13706369
13708609
13715081
13718644
13724036
13727041
13728028
13731569
13732042
13738118
13739788
13741307
13747008
13752200
13758340
13759704
13763853
13767807
13770105
13774177
13775861
13779803
13783076
13786016
13791887
13795208
13798301
13804715
13811048
13816086
13820313
13825093
13826442
13830702
13834318
13834803
13836188
13839753
13844292
13847178
13847947
13850396
13850862
13854781
13855766
13857589
13860072
13862824
13868729
13871227
13873399
13877293
13880705
13883796
13888214
13888482
13889263
13890775
13893202
13896355
13902759
13907668
13908498
13911062
13914726
13918066
13920938
13925217
13927741
13928630
13931296
13934015
13937084
13939430
13945708
13947899
13951564
13955904
13960603
13965331
13970336
13974941
13977733
13983297
13987870
13993649
13996601
13997964
14001450
14001847
14004948
14007594
14013560
14016666
14022227
14026115
14030649
14033913
14039985
14044801
14047283
14049539
14055753
14060281
14064464
14065456
14068545
14072415
14074522
14080865
14083593
14085379
14088201
14088900
14093889
14098448
14103239
14108114
14111285
14113513
14119855
14122597
14128234
14131699
14133629
14135995
14136430
14138342
14140109
14142474
14147038
14148243
14148346
14154163
14156659
14160949
14167423
14170095
14174751
14175150
14178871
14181886
14185184
14185379
14190035
14192979
14198389
14202286
14208344
14213091
14214114
14220172
14226095
14230330
14234502
14238362
14241473
14244988
14246471
14246561
14250955
14254662
14257902
14263344
14266290
14267644
14270834
14274715
14277510
14283328
14285791
14286361
14289301
14294791
14299254
14304862
14307763
14313601
14317724
14320891
14327115
14329217
14329552
14332864
14338421
14339821
14345164
14345971
14346334
14347329
14347781
14353035
14359041
14360406
14362364
14365753
14371406
14372990
14378978
14379458
14381369
14385381
14385631
14390526
14395596
14399716
14403071
14407133
14413425
14415216
14416545
14416641
14422192
14426106
14427395
14431773
14438172
14443251
14449365
14449807
14451498
14455478
14456614
14461480
14462854
14464868
14465620
14467983
14470812
14475022
14478592
14479397
14483374
14487415
14489507
14490882
14496275
14502174
14508436
14509762
14515536
14520582
14525567
14531454
14534476
14540171
14544087
14548589
14552266
14558038
14558872
14560747
14561773
14566655
14567663
14572900
14578841
14581791
14582252
14582771
14587320
14588197
14593811
14598688
14602506
14605385
14605499
14610190
14610612
14611581
14617390
14619304
14625118
14625597
14626899
14632784
14634848
14640019
14645095
14646569
14648681
14654036
14654390
14657476
14657818
14659853
14665719
14671171
14673611
14674867
14677712
14681502
14685971
14691730
14696610
14698014
14698344
14703279
14703583
14706352
14710629
14712875
14713624
14716210
14722518
14725521
14731304
14732804
14733008
14737578
14743498
14749400
14754899
14755615
14761079
14762622
14763298
14764820
14766737
14770631
14774733
14777834
14782032
14783258
14784733
14786559
14787722
14790609
14793641
14796632
14799832
14802508
14804469
14809819
14813417
14818473
14820891
14824607
14826797
14830377
14836418
14842435
14847378
14847922
14853222
14853602
14857281
14862542
14866496
14868816
14874514
14879467
14882750
14885525
14887743
14888436
14892788
14894021
14897099
14900410
14904221
14908031
14908369
14913850
14918619
14923133
14928292
14933967
14937806
14938970
14939976
14944954
14947665
14948985
14949006
14953314
14954786
14956388
14960723
14964663
14970872
14975435
14975790
14975911
14979885
14982911
14982980
14989178
14993492
14994520
14995470
14995896
15001257
15006815
15012562
15017988
15024177
15026877
15031142
15036535
15039021
15042240
15046301
15049678
15050384
15054616
15057223
15061817
15064940
15069882
15070126
15070198
15070303
15070304
15072716
15074535
15076849
15077333
15080763
15080828
15085250
15090710
15096150
15100051
15100788
15102245
15102356
15103121
15103956
15109976
15110183
15115613
15115680
15121832
15127399
15130405
15134867
15137761
15139068
15141563
15145977
15149307
15154094
15155699
15158282
15161220
15165062
15166859
15167372
15170464
15171226
15177264
15181999
15188161
15189224
15191360
15194285
15198528
15203263
15204962
15207430
15209650
15211171
15211748
15214458
15215116
15221214
15224060
15224942
15228149
15229129
15229476
15232878
15238471
15242960
15249057
15250382
15251547
15252366
15257444
15261986
15265261
15268018
15269001
15272887
15278205
15284175
15284217
15285136
15290719
15291660
15292022
15295049
15298425
15304135
15309445
15312951
15316895
15317497
15318937
15319314
15321919
15322831
15328606
15329625
15335122
15335975
15338630
15341318
15346405
15348063
15353327
15355613
15361121
15366036
15368386
15371879
15373744
15374890
15377720
15383561
15386411
15388071
15389750
15392762
15392864
15393090
15395382
15397987
15401136
15406764
15412006
15412918
15413243
15413778
15416267
15421796
15427838
15431020
15431260
15436269
15437609
15443260
15447572
15452747
15458690
15460117
15461348
15464869
15465329
15469259
15470700
15474551
15475000
15478241
15481271
15484952
15488867
15493681
15495344
15501109
15506894
15508680
15511358
15514089
15517697
15519373
15520695
15523616
15524944
15529598
15534539
15537072
15541068
15545809
15547326
15549259
15555106
15559134
15560737
15565409
15566012
15566145
15572115
15577185
15582945
15586580
15589910
15594307
15598705
15603732
15607056
15610657
15611391
15617402
15620361
15620663
15621543
15621706
15626792
15629153
15632974
15638160
15642440
15647675
15653328
15653871
15659414
15663770
15664916
15670231
15671683
15675948
15677776
15678768
15684141
15689102
15691400
15694674
15698845
15701077
15701620
15702839
15707037
15713041
15713494
15713530
15714919
15718508
15720235
15725912
15730816
15732931
15738694
15739152
15744598
15745457
15748807
15749163
15749871
15752480
15753968
15755162
15759675
15763706
15766665
15768070
15768326
15768742
15771876
15773569
15774783
15780617
15784863
15789936
15795710
15797952
15803815
15806229
15806441
15809354
15810367
15814916
15818962
15819639
15823315
15823511
15825733
15830158
15835668
15840075
15845293
15851115
15857032
15857358
15862732
15867993
15873313
15877029
15878263
15879319
15882843
15887833
15891174
15892460
15897415
15897493
15900487
15904322
15910090
15912483
15914141
15916018
15921812
15923816
15924560
15926282
15930638
15934740
15937526
15940704
15943839
15944177
15944812
15945798
15947705
15950267
15950657
15952970
15957834
15960534
15963035
15968293
15969662
15972299
15974941
15978917
15984412
15987031
15992724
15995507
15999471
16003150
16006774
16007655
16007717
16012306
16016366
16018199
16022599
16026671
16029332
16034384
16039997
16040586
16043436
16046033
16051708
16052993
16053006
16053426
16056227
16057779
16061079
16065631
16069568
16074984
16079056
16081887
16086665
16087097
16088044
16093604
16096007
16098847
16102045
16103620
16106512
16108830
16113428
16118757
16120568
16125391
16127457
16129816
16132148
16132615
16134701
16136430
16136521
16137745
16140774
16144104
16145096
16149953
16154113
16159441
16164893
16166684
16167762
16170807
16174928
16178821
16178861
16181649
16182047
16186315
16188087
16188685
16193249
16197263
16198890
16203275
16205845
16210308
16213959
16217706
16218692
16220397
16222153
16222398
16226848
16232198
16232619
16237281
16239037
16240047
16245695
16247543
16249676
16251326
16255861
16261338
16264128
16267727
16270268
16272224
16275829
16279264
16279426
16281522
16286478
16291359
16296253
16296528
16301584
16303847
16305977
16306882
16309007
16310096
16314529
16317297
16318009
16318317
16319299
16323711
16324001
16327398
16328354
16332148
16334680
16336395
16339548
16340941
16345965
16350698
16350768
16353114
16358474
16359100
16362923
16365758
16370360
16371283
16374093
16376825
16379660
16381325
16381740
16386947
16388681
16390887
16393725
16394539
16398295
16401873
16403285
16407408
16410340
16411070
16415847
16416426
16416992
16420131
16422343
16426163
16430224
16431203
16433796
16436188
16440118
16442988
16444439
16445960
16451078
16454582
16458283
16459475
16462831
16466162
16470969
16475148
16477116
16478017
16482159
16485725
16487277
16488733
16491335
16496228
16499172
16502061
16502954
16505477
16506849
16507889
16511609
16514435
16517979
16519639
16522789
16525673
16530679
16536151
16537497
16542375
16544150
16545029
16550475
16553338
16557248
16560531
16561425
16563462
16568255
16569419
16573413
16575412
16575905
16581217
16582169
16586297
16588125
16589556
16593189
16596607
16599526
16601120
16606479
16609646
16611009
16614018
16618525
16620300
16625653
16626676
16627798
16631727
16634111
16638858
16639468
16643254
16648564
16653336
16658536
16663321
16665231
16665680
16669556
16671312
16675425
16680368
16684681
16687660
16688825
16692796
16697474
16697913
16698092
16699897
16705084
16706226
16709233
16710297
16711256
16714501
16717390
16717638
16717723
16723026
16724272
16724598
16728030
16730155
16731813
16732948
16737013
16741493
16742347
16747118
16751475
16755433
16756581
16759261
16761854
16762112
16763068
16764310
16765690
16767658
16771813
16775496
16779759
16782683
16785090
16789303
16792010
16795017
16797343
16799291
16799350
16803828
16806906
16812402
16817023
16820766
16822920
16823231
16827053
16829906
16831419
16836784
16841092
16846059
16848474
16848498
16852832
16856390
16857737
16862302
16864514
16869636
16871255
16875704
16880454
16884626
16889735
16893674
16896418
16900312
16903547
16905824
16907466
16908764
16911610
16915169
16920632
16921078
16923877
16928498
16933373
16938827
16939590
16944149
16944453
16949813
16951923
16953680
16954068
16956778
16957390
16960323
16961171
16965186
16969268
16972532
16974373
16978249
16978395
16980387
16985866
16989883
16990098
16991083
16993740
16994617
16997200
17001123
17004247
17009495
17012415
17015660
17019632
17022762
17024330
17029076
17029265
17030620
17035489
17039586
17041783
17045097
17048329
17051645
17055681
17058742
17061921
17063723
17064982
17066756
17067194
17068234
17071352
17076125
17080237
17083204
17088005
17093529
17094606
17095680
17099000
17101558
17103718
17104189
17109450
17112734
17118150
17121239
17122660
17123643
17125551
17130560
17134350
17136409
17137397
17139941
17144962
17148257
17152900
17156214
17160766
17165202
17170711
17173365
17176296
17181293
17184449
17186151
17187069
17187635
17190262
17190412
17194033
17194133
17194240
17198379
17202755
17203472
17207341
17208745
17212417
17215990
17220059
17225535
17225725
17230685
17231644
17231823
17236346
17237561
17239971
17244916
17249876
17254641
17255592
17258680
17260010
17262695
17265731
17268825
17274035
17275720
17279110
17281543
17284515
17286314
17290853
17292984
17294490
17299664
17302814
17307098
17310466
17313420
17315287
17317717
17317940
17318433
17323165
17326535
17327010
17328282
17328587
17333720
17335126
17336469
17341270
17341959
17342467
17343068
17346053
17346516
17346893
17348834
17349467
17353846
17358708
17360763
17361369
17362323
17364101
17364803
17369869
17373982
17374300
17376220
17380948
17384839
17387772
17390002
17391670
17396113
17399998
17401375
17404026
17404361
17407038
17407201
17411246
17414024
17415985
17419539
17423609
17424200
17426010
17430907
17435166
17436656
17437680
17439219
17444513
17444663
17446201
17451243
17456049
17460928
17464813
17467761
17469631
17473856
17476607
17476707
17478634
17480746
17484045
17484625
17487381
17492288
17495735
17499005
17501272
17505321
17507546
17512474
17512546
17517347
17520928
17521457
17522641
17524143
17525478
17528364
17529283
17532677
17535626
17536386
17538227
17543297
17545314
17547446
17552503
17557604
17560396
17563377
17563760
17569049
17570723
17573722
17577003
17579697
17581324
17585515
17589087
17594394
17594944
17597638
17598964
17600798
17600983
17602504
17603750
17608071
17610986
17614978
17617940
17618396
17619876
17619951
17620289
17622792
17626709
17628562
17629778
17630127
17635056
17639925
17643378
17644389
17644493
17644943
17646985
17651181
17652450
17654197
17657252
17661338
17662617
17664197
17668985
17672359
17675941
17680485
17682714
17684939
17690178
17692927
17694526
17696050
17697698
17702696
17704788
17705570
17708736
17713483
17717032
17721006
17726077
17730153
17730874
17734432
17735992
17739929
17742469
17745883
17746109
17749943
17753557
17756282
17757139
17760021
17761462
17763464
17766685
17771205
17775363
17776441
17777029
17780511
17782812
17785961
17788277
17788833
17788998
17789230
17790776
17793559
17797671
17799566
17801097
17805468
17808782
17811079
17813877
17814307
17817581
17820111
17824840
17827772
17829157
17829724
17830045
17833767
17838827
17839735
17842722
17846462
17847953
17848124
17850493
17855682
17856210
17860965
17861947
17865754
17869234
17870673
17871882
17877099
17879309
17880032
17882036
17882580
17887528
17892051
17895801
17899606
17900001
17902240
17905483
17910050
17912948
17916844
17921393
17925614
17928833
17932347
17934584
17939819
17942488
17943882
17945075
17949280
17951406
17956274
17956792
17961814
17962274
17965414
17965949
17970272
17973649
17978632
17981342
17984899
17989576
17991749
17992831
17993621
17996302
18000512
18001650
18005811
18005814
18008330
18012501
18014847
18015108
18018304
18020570
18021062
18022691
18026663
18030264
18035339
18037212
18038167
18039441
18040200
18040384
18040786
18043872
18044990
18050071
18055085
18058924
18063976
18067726
18068643
18072760
18076500
18079707
18084660
18089053
18092768
18092878
18093227
18097580
18102016
18105141
18107121
18108679
18109802
18114493
18116500
18121234
18123018
18128078
18132617
18134269
18134526
18137455
18140301
18142921
18147740
18149850
18152370
18152487
18155301
18157255
18161728
18164536
18168445
18169595
18174252
18176160
18178449
18180552
18181799
18182122
18186740
18191575
18195024
18197488
18202632
18205592
18207298
18207489
18209593
18210050
18210688
18211785
18212880
18213119
18215285
18218802
18223745
18225400
18226193
18231051
18235300
18240304
18242397
18243539
18247513
18248690
18252303
18254134
18254674
18259520
18263663
18265156
18266825
18268172
18268298
18272710
18272900
18274370
18277630
18278391
18282074
18285579
18288526
18291308
18292413
18297189
18302067
18302310
18303591
18307287
18307472
18309202
18309733
18314730
18319660
18323616
18324650
18325449
18327832
18332780
18336214
18338330
18338567
18342965
18347216
18349746
18350073
18353801
18354574
18355050
18357812
18358449
18363355
18365444
18369403
18371572
18371647
18375454
18378552
18381668
18384329
18386098
18391099
18391545
18394039
18396904
18399814
18403124
18404799
18407926
18411344
18414123
18415825
18416884
18421827
18425749
18427300
18432261
18437079
18442102
18442307
18446921
18450456
18452055
18452761
18453416
18454688
18457310
18459243
18462675
18465814
18470678
18472860
18473870
18474027
18475691
18475849
18479971
18483273
18488108
18489157
18491786
18494817
18496849
18499408
18502169
18503081
18505007
18508201
18508730
18509189
18513335
18517268
18520475
18522090
18524779
18526092
18528509
18528599
18530607
18535403
18537241
18537718
18538422
18542613
18546716
18551267
18555008
18559518
18560667
18562430
18566471
18570014
18574611
18579422
18579595
18583825
18584384
18586887
18589810
18590881
18595046
18596601
18600999
18605516
18608513
18609725
18614255
18616621
18618237
18618636
18619213
18622575
18626858
18627971
18631259
18633277
18634093
18636644
18640510
18641152
18644781
18644858
18647191
18652123
18653267
18654053
18654732
18658360
18659849
18660057
18661053
18663631
18664683
18668775
18672455
18673411
18674826
18675736
18676751
18677771
18680251
18680850
18683574
18683667
18686750
18688680
18691919
18695538
18699044
18701828
18705158
18710071
18712731
18714769
18718533
18723015
18724121
18726498
18729824
18732233
18734908
18736900
18737411
18740762
18744894
18748689
18751298
18753708
18755109
18755893
18756966
18760642
18764457
18764914
18765628
18770370
18772355
18774303
18775095
18776132
18778087
18780455
18785192
18786806
18788520
18789324
18793307
18793443
18795615
18798944
18799942
18804235
18806045
18808151
18808201
18810432
18813356
18818158
18819024
18820856
18822543
18825262
18827773
18829511
18829919
18833380
18837621
18842268
18845896
18847722
18849979
18854574
18855166
18859761
18863563
18866213
18869545
18869689
18872487
18872595
18876944
18879325
18881041
18884379
18888531
18890557
18891658
18893257
18897413
18899085
18902236
18906992
18907376
18908698
18913529
18915251
18917661
18918101
18921094
18923065
18926471
18926657
18931023
18931090
18935674
18940222
18943884
18945565
18950374
18952889
18956753
18960028
18962462
18966623
18971350
18975740
18978234
18978402
18981047
18982702
18985432
18989924
18991645
18993614
18996680
18999110
19000075
19003573
19005278
19009531
19010142
19011443
19014039
19014159
19017320
19021673
19023837
19028507
19032209
19034715
19039064
19041952
19044835
19049303
19052910
19054832
19054853
19056957
19060540
19062515
19062841
19063665
19063677
19065773
19068837
19069553
19069987
19072794
19074490
19079133
19079317
19083568
19086120
19088854
19090441
19094080
19096643
19101418
19102188
19102470
19104358
19108182
19110250
19111530
19113325
19115734
19118568
19119654
19123710
19126230
19130817
19135559
19137144
19140189
19142525
19143955
19146256
19150247
19154488
19158923
19163058
19163928
19167331
19169968
19171719
19173193
19173806
19175202
19175849
19176232
19176300
19179615
19181891
19186595
19187216
19191436
19193481
19197715
19201657
19202999
19204944
19206712
19209843
19212120
19214212
19215065
19218686
19221962
19226377
19230173
19234625
19235980
19236201
19237685
19241823
19246039
19247021
19249968
19251353
19253080
19256345
19256956
19258811
19259854
19260560
19263964
19265463
19269126
19273812
19276630
19281200
19285804
19289608
19292322
19293909
19296013
19298266
19302026
19304343
19308432
19309480
19309708
19313193
19314431
19315580
19319874
19320365
19320603
19322055
19322587
19325795
19328889
19331718
19333282
19335073
19335532
19337858
19338645
19341493
19345291
19348612
19348663
19351676
19356064
19359256
19359578
19360597
19361259
19362110
19365362
19366264
19368602
19369799
19372146
19376544
19378163
19379883
19381803
19384358
19386514
19387163
19387816
19392149
19393975
19396154
19398996
19402710
19403688
19407063
19411610
19412983
19415676
19419063
19419239
19421643
19425429
19426882
19430578
19433273
19437562
19438776
19441460
19441670
19445823
19448961
19450414
19450647
19453479
19454848
19459417
19459599
19462313
19465476
19467598
19469903
19470008
19470782
19472715
19475729
19478047
19481858
19485442
19489501
19493833
19495957
19498933
19500974
19501349
19504579
19507266
19508487
19513076
19513436
19517774
19518403
19519768
19521551
19521623
19523785
19527956
19528864
19528942
19532561
19532862
19536963
19541052
19542259
19543438
19547504
19551661
19553845
19554557
19557011
19558759
19561122
19565198
19565878
19569097
19573623
19577276
19579714
19581380
19584205
19585790
19590169
19592798
19594063
19596494
19599746
19603222
19607561
19607583
19610777
19611000
19612316
19614029
19614539
19617346
19620080
19621540
19623652
19625319
19629662
19633346
19636655
19636668
19637959
19640906
19641160
19645366
19648651
19648781
19651483
19652511
19655280
19656622
19658985
19662045
19663723
19668108
19669464
19669528
19671926
19676414
19676860
19680212
19683281
19685633
19688805
19689778
19691582
19691726
19692898
19696073
19697805
19698764
19699457
19701260
19704913
19708359
19708936
19709432
19712381
19712661
19716178
19719356
19721409
19722990
19723658
19723973
19724105
19724957
19727027
19729939
19732652
19734647
19738769
19743259
19745354
19746414
19749675
19749738
19753474
19754450
19754921
19754964
19756545
19759788
19761957
19762131
19764642
19768706
19769738
19769816
19773346
19777206
19778245
19779259
19780821
19785005
19788179
19791036
19792830
19792920
19796696
19800488
19800688
19800770
19805025
19807045
19810848
19813312
19816416
19820807
19822282
19823739
19826276
19829561
19833893
19835164
19836455
19837003
19837449
19838325
19841096
19841204
19841403
19842935
19846450
19849979
19853222
19854099
19855601
19858525
19860908
19864919
19867652
19869168
19871006
19872021
19876236
19880437
19882315
19882936
19883420
19886431
19888746
19889397
19892321
19895330
19899704
19902438
19902593
19904710
19908979
19913230
19913444
19913552
19917264
19920362
19920884
19923249
19923925
19924520
19927719
19930175
19932848
19935541
19937579
19941635
19945404
19947158
19951560
19955145
19959123
19962133
19963365
19963784
19964810
19965079
19968108
19968761
19971838
19972221
19976350
19976710
19977442
19980170
19983449
19987590
19991740
19993763
19994754
19998651
19999555
20003940
20005925
20009436
20010448
20010895
20011468
20014473
20018245
20018670
20020559
20024219
20027907
20029296
20030181
20033073
20034543
20035059
20038344
20040470
20041826
20042077
20046017
20049543
20050558
20052629
20054646
20055975
20058313
20061877
20065078
20066215
20068072
20070757
20071346
20072560
20072622
20073279
20073662
20076755
20079818
20080567
20083047
20084838
20088439
20091021
20092819
20094478
20094763
20094967
20095961
20100191
20102014
20102169
20105443
20109015
20110163
20111190
20115288
20117551
20118314
20119891
20120478
20124517
20128837
20132231
20133533
20133671
20135183
20136248
20139334
20139350
20143111
20147107
20151020
20153359
20154998
20157871
20160423
20161756
20163130
20163259
20163733
20167036
20169128
20171903
20172642
20174427
20178417
20182565
20184765
20187917
20191605
20192291
20194833
20195086
20199206
20202356
20205732
20206715
20208198
20210704
20214745
20216211
20216630
20219671
20223309
20226088
20229728
20232945
20236992
20238501
20242440
20246669
20250425
20253554
20253846
20254122
20257130
20259742
20262214
20264994
20265086
20265842
20269289
20272768
20276280
20278158
20282097
20285986
20289002
20292388
20295476
20296775
20297858
20299000
20301382
20302964
20303833
20307255
20311275
20312572
20313359
20315463
20318250
20320968
20324841
20328919
20329455
20332830
20336458
20336460
20339981
20343420
20344285
20347952
20349466
20351360
20354459
20356222
20358375
20361085
20364367
20366245
20366360
20369497
20371757
20374356
20376417
20377815
20380370
20380967
20383261
20383876
20385252
20388620
20392435
20395091
20398673
20401783
20403765
20406518
20407489
20408643
20409167
20410366
20414410
20418186
20418763
20418923
20421564
20423861
20424653
20427359
20428952
20429340
20430090
20433494
20434012
20436277
20438589
20441104
20443220
20443469
20445002
20445381
20448440
20450139
20450977
20451285
20451505
20452319
20454640
20456942
20458523
20460349
20462005
20466004
20468077
20471298
20475453
20477174
20478932
20479987
20480194
20484116
20486341
20489004
20492256
20495237
20496542
20498790
20502384
20502604
20504585
20505871
20506411
20506562
20509559
20510333
20510743
20514876
20515022
20518018
20519707
20523127
20523717
20525456
20526713
20530506
20533970
20537214
20538704
20541067
20542242
20545638
20549727
20549846
20549899
20550230
20554165
20558032
20561297
20564647
20565031
20568515
20571973
20573399
20576642
20578411
20582493
20584719
20586150
20589724
20591174
20595285
20597405
20599345
20600927
20602096
20602573
20606220
20607206
20608316
20609052
20610329
20612603
20615182
20619054
20619140
20619563
20620873
20621213
20622102
20624211
20626246
20627976
20628568
20628838
20630435
20631533
20634481
20637048
20640574
20642705
20646493
20648019
20651506
20654712
20654902
20654937
20656813
20657228
20660222
20661000
20663437
20664773
20666932
20669540
20672695
20674898
20676330
20678381
20679183
20681955
20683892
20686369
20689637
20693181
20695302
20696335
20696926
20700780
20704105
20705484
20707289
20708650
20709647
20712779
20714951
20715623
20718046
20719413
20723131
20727013
20728623
20731839
20732402
20732937
20732946
20733783
20736059
20736954
20739222
20741388
20742824
20743129
20745568
20746519
20747062
20750248
20753552
20757066
20759103
20763017
20764289
20764345
20765887
20768462
20771348
20774611
20776253
20776668
20779492
20782793
20785481
20787549
20787704
20790741
20793238
20794216
20795264
20798337
20798756
20799295
20801224
20804689
20806178
20809127
20812106
20814152
20815749
20817249
20817928
20820987
20823107
20824272
20826812
20829040
20833014
20835556
20839139
20841291
20844090
20845550
20849142
20849905
20853070
20853560
20857062
20860326
20861559
20863051
20865246
20868928
20870568
20873012
20876757
20879702
20879742
20882547
20884774
20887700
20888884
20889215
20890923
20894421
20896904
20898536
20900765
20900885
20903057
20904878
20908683
20910314
20911611
20913585
20916731
20919393
20920693
20923962
20924292
20926555
20929324
20931793
20932000
20932043
20934144
20935541
20936503
20938559
20938958
20942392
20944439
20946473
20948141
20949192
20950759
20954623
20956864
20960263
20963382
20966371
20968883
20969000
20970240
20972587
20975407
20978647
20981838
20984469
20984987
20988885
20989427
20992622
20995808
20996768
20998945
20999293
21000805
21003150
21004712
21005768
21007780
21009091
21011853
21014457
21016397
21018640
21020392
21024236
21026921
21030706
21031370
21033123
21035968
21037561
21037605
21038929
21039037
21039617
21043091
21046557
21049433
21050600
21053430
21054397
21054458
21056491
21057344
21058644
21060548
21060627
21064268
21067177
21068910
21072169
21072615
21075631
21075992
21077912
21079668
21083309
21083928
21086956
21089989
21091485
21093135
21093345
21096152
21097226
21100460
21103069
21103434
21107264
21108177
21110681
21112393
21112616
21114695
21116273
21118272
21119366
21121601
21124598
21125419
21127010
21127790
21129737
21130313
21133347
21136056
21139384
21139674
21141483
21144720
21146095
21148257
21149695
21151368
21153678
21155388
21159155
21160600
21161658
21162000
21162376
21165074
21167644
21170598
21173718
21174790
21177181
21177306
21179367
21182855
21184479
21186264
21188695
21188764
21191390
21194276
21197650
21200328
21200478
21203638
21204470
21204859
21207428
21207956
21210707
21211454
21213340
21214868
21217112
21218759
21219626
21222143
21225931
21228349
21230961
21231479
21234456
21238120
21238654
21240787
21241537
21242139
21242503
21244938
21248369
21250847
21252564
21253979
21254638
21255395
21257761
21259058
21259859
21262624
21265376
21265965
21268804
21272362
21274074
21277596
21280383
21282794
21284343
21285513
21287015
21290592
21291527
21293487
21295673
21297974
21298270
21298632
21300956
21301638
21304631
21307422
21310608
21312330
21315793
21317170
21319270
21319294
21320862
21321205
21324215
21325938
21328840
21331477
21331590
21332691
21335224
21336251
21338216
21341226
21341946
21342198
21345052
21346087
21347418
21349919
21350808
21350939
21352223
21354254
21356871
21359237
21362853
21363470
21366306
21367995
21370227
21373410
21373653
21377318
21378863
21382303
21385739
21388518
21390514
21393224
21393920
21397200
21397295
21398350
21401292
21403529
21403789
21407267
21409294
21409551
21410551
21411214
21414840
21415299
21417884
21420367
21421534
21423341
21425356
21426596
21427476
21427598
21429584
21430774
21432585
21433176
21436006
21438598
21438927
21441156
21442922
21444967
21445927
21448999
21450916
21450968
21454465
21455737
21457344
21460403
21462618
21464420
21467473
21470850
21473854
21475227
21478775
21481929
21484484
21485476
21487349
21490344
21492119
21493571
21494432
21495994
21496887
21497461
21499080
21501028
21501453
21504146
21507376
21508899
21512370
21514860
21517780
21519530
21520894
21523709
21525160
21527097
21528753
21530576
21534106
21535606
21537600
21538790
21541057
21541538
21542474
21544448
21547497
21548825
21550115
21551492
21551619
21552773
21553383
21555421
21557288
21557297
21558695
21559745
21562512
21563703
21565226
21566287
21567005
21570066
21571068
21573847
21576739
21579601
21580014
21581218
21584372
21586441
21589482
21592736
21593742
21594874
21595022
21598424
21598849
21599511
21600606
21601410
21602970
21605917
21607507
21610942
21613969
21615104
21618599
21620965
21621671
21623334
21625896
21627178
21629062
21632537
21635715
21635964
21637092
21637190
21638149
21641197
21641355
21644147
21647373
21648352
21651277
21652511
21655297
21658443
21658998
21659406
21661276
21663542
21666119
21669413
21671079
21674340
21675778
21676500
21677632
21680120
21680418
21681504
21683651
21684980
21686246
21687117
21689643
21692603
21695036
21698162
21701522
21704528
21707982
21708587
21710327
21711249
21712472
21714966
21717168
21718443
21720143
21721561
21723946
21724080
21724558
21724677
21725901
21726748
21728154
21728585
21731195
21732725
21735018
21736971
21738550
21739074
21740145
21740848
21744262
21746790
21748722
21749188
21752668
21754799
21755627
21756707
21756856
21758027
21760863
21761830
21765177
21768203
21771643
21773884
21774285
21776438
21777270
21779516
21781526
21783556
21787026
21788710
21791571
21793225
21796394
21798595
21801396
21802498
21805663
21806681
21808487
21810618
21813111
21814695
21818088
21820606
21823882
21826151
21827885
21828018
21828380
21831633
21832232
21832539
21834928
21836976
21837130
21838064
21839691
21840747
21841266
21842278
21842545
21844170
21845731
21848213
21850531
21851661
21853357
21855899
21856079
21858376
21859515
21860152
21862507
21863410
21866415
21869347
21870002
21872625
21874672
21876914
21880297
21881962
21883214
21884338
21886322
21887823
21890676
21892805
21892923
21895443
21898301
21900511
21900831
21902313
21904038
21906208
21908814
21909272
21910029
21912712
21913059
21914882
21916272
21919009
21922080
21922294
21924909
21927239
21928741
21931598
21934492
21936828
21937680
21939281
21940970
21943683
21947052
21947849
21949872
21949968
21952639
21955007
21958392
21960445
21961989
21965113
21967402
21970608
21973039
21973355
21974945
21976275
21976812
21979328
21981481
21982231
21985353
21988294
21991133
21992020
21992379
21993870
21996174
21998462
21998548
22000646
22002910
22004843
22006234
22006652
22006780
22009863
22011397
22013892
22017028
22019637
22021004
22021447
22024040
22025967
22026728
22026935
22027259
22028220
22029546
22031858
22032627
22035872
22036653
22038594
22039962
22040570
22042752
22044944
22046945
22050152
22052228
22052302
22055618
22057021
22058628
22058879
22061720
22061750
22063436
22064676
22067802
22069407
22070057
22072530
22073131
22074948
22078006
22079188
22081270
22081789
22084494
22086349
22088882
22090118
22091954
22094265
22095539
22095648
22096977
22099213
22100308
22103365
22106388
22106512
22106661
22108965
22111956
22113999
22117036
22119621
22121900
22124139
22124300
22126155
22128462
22131549
22131895
22134814
22137826
22138661
22140094
22142968
22144130
22145783
22146611
22149729
22152016
22155132
22156518
22159339
22161842
22162834
22162855
22163696
22163763
22164697
22167514
22170020
22172191
22173015
22175193
22175796
22178964
22179982
22180439
22182389
22183217
22183226
22183914
22186252
22188221
22189250
22189515
22189907
22193098
22194908
22195312
22197482
22197683
22200686
22202939
22203822
22206099
22206366
22206871
22208729
22211163
22213336
22216517
22217010
22220199
22221630
22223533
22225494
22226283
22228176
22230001
22231459
22233999
22234723
22235771
22236288
22239359
22239600
22241725
22243499
22245099
22245956
22246927
22250051
22251868
22253060
22253247
22255213
22256565
22257324
22259463
22260781
22262603
22262881
22263299
22266486
22267679
22270859
22272684
22275873
22278641
22279877
22282561
22283942
22286106
22288807
22291987
22294331
22297431
22298133
22299275
22301921
22302905
22304675
22305930
22307083
22307593
22308999
22311563
22313529
22315358
22316484
22317516
22320675
22321436
22322398
22322784
22323112
22323708
22324072
22324585
22324772
22326521
22326857
22329700
22330755
22332480
22335549
22337792
22338709
22340347
22341113
22342508
22345264
22346759
22349398
22352063
22353286
22355774
22356866
22357779
22360470
22361821
22364423
22364844
22367105
22367112
22368862
22371903
22373101
22375819
22377242
22378153
22380626
22383012
22384261
22385200
22386416
22386854
22388136
22388981
22389626
22390826
22390986
22393108
22395609
22397296
22398466
22399149
22399955
22400693
22403116
22403838
22406173
22407972
22411074
22411397
22412402
22413874
22415085
22417425
22418253
22419633
22421373
22421595
22423717
22426091
22428977
22431092
22433079
22434406
22434605
22437222
22437362
22438471
22439714
22441233
22443541
22443865
22445970
22446516
22447333
22447503
22449701
22451972
22454950
22457004
22457820
22460114
22460808
22461674
22463903
22464697
22465904
22465990
22467519
22468730
22470112
22472303
22474131
22476391
22476742
22477150
22479455
22479730
22480682
22483509
22485776
22487958
22489531
22490826
22491549
22493257
22495479
22496485
22497134
22498819
22500475
22503056
22505746
22508269
22510482
22512288
22514802
22517166
22519914
22522512
22523652
22526064
22526789
22528384
22529549
22530260
22532156
22533651
22535572
22537415
22539121
22541387
22542896
22544990
22545899
22546702
22546705
22547156
22548615
22551509
22551959
22553412
22555144
22557485
22559357
22560467
22562711
22563271
22565655
22568501
22569040
22571531
22572173
22573385
22575559
22578239
22578996
22579893
22581654
22582417
22585176
22586638
22589323
22589571
22590769
22593387
22594207
22596332
22597424
22600181
22600657
22601493
22602856
22602981
22603599
22604416
22604584
22607263
22608868
22609774
22610209
22610822
22611366
22613390
22614496
22616594
22618965
22620774
22622539
22624285
22627197
22629699
22630991
22631959
22632323
22635237
22635489
22636522
22638705
22638761
22640438
22642528
22645388
22647107
22649219
22650055
22651252
22651638
22651941
22653545
22654495
22654520
22655336
22655973
22656628
22658689
22660055
22660904
22662568
22662652
22663151
22663452
22664781
22666837
22669221
22671982
22673365
22675466
22676803
22679644
22681668
22681801
22682286
22682435
22683651
22686157
22688480
22690817
22692656
22692843
22693666
22695999
22696752
22697212
22698697
22700852
22701103
22703583
22705396
22705731
22706040
22707259
22709982
22712044
22712578
22714795
22717607
22719755
22721929
22721993
22723268
22723676
22725195
22727892
22730491
22733136
22735026
22737757
22740507
22742590
22743440
22744745
22745376
22745700
22745976
22746835
22748237
22749608
22749731
22752302
22752331
22754839
22755677
22756732
22759119
22759916
22762028
22764464
22764554
22765620
22767358
22767639
22768059
22769406
22770044
22772716
22774256
22776676
22777313
22779921
22782474
22785267
22785330
22786014
22786026
22788058
22788511
22788932
22790794
22792740
22793936
22795222
22796403
22797393
22799843
22801622
22801878
22802406
22802902
22804012
22804696
22805824
22806166
22808870
22810277
22811166
22811970
22814316
22816739
22818864
22820311
22822922
22824770
22825248
22827931
22828753
22828856
22831246
22832172
22833895
22835656
22837518
22838212
22840384
22840880
22841950
22843916
22845300
22846453
22849082
22849489
22849497
22850882
22851168
22851896
22852524
22854290
22856403
22858179
22858559
22859368
22861360
22862224
22863387
22864135
22865398
22865461
22865804
22867643
22869833
22870117
22870231
22871385
22873403
22875853
22876525
22877553
22877841
22878348
22880417
22882131
22882898
22885231
22885365
22886489
22888575
22890369
22890634
22890654
22892528
22893282
22893581
22895624
22895900
22896486
22896930
22898219
22900894
22900955
22903362
22904947
22907308
22909593
22911016
22912603
22914328
22915075
22916125
22916131
22917203
22919390
22919728
22919736
22920555
22922493
22925086
22926860
22928314
22928515
22928745
22931298
22932656
22935306
22935623
22937020
22938039
22939595
22941441
22943827
22945634
22947768
22948132
22948529
22949369
22950561
22952612
22954711
22956573
22958669
22961326
22962254
22964868
22965960
22966690
22968736
22971022
22972169
22973318
22974140
22976320
22976767
22977391
22978532
22978654
22979710
22980599
22981866
22984262
22985760
22986976
22987570
22988353
22989329
22991798
22992150
22993170
22993193
22994549
22995163
22997387
22999093
23000809
23001289
23002743
23005238
23005795
23007551
23008447
23010498
23010919
23013533
23014068
23016189
23017503
23018846
23021038
23022167
23024096
23026656
23028221
23030409
23031581
23033344
23035978
23038627
23040406
23042957
23044944
23047162
23048708
23050880
23053061
23053964
23054808
23054837
23055557
23055938
23057746
23058864
23061210
23063197
23064302
23065558
23068205
23068928
23069439
23071848
23072021
23072070
23073590
23074523
23076688
23078943
23080148
23081650
23083613
23084995
23085124
23087085
23089402
23091726
23093434
23093620
23096113
23096827
23099430
23101490
23101715
23104208
23104334
23106011
23107473
23109470
23110825
23111407
23113748
23114694
23116960
23117873
23119514
23121467
23122522
23124617
23125813
23126004
23126699
23128772
23130731
23133173
23135143
23137202
23139751
23141155
23143583
23144350
23144567
23144977
23146009
23146644
23147697
23149339
23151758
23152286
23153574
23155767
23156639
23158170
23158959
23159654
23161616
23162822
23163723
23165768
23166197
23166394
23168709
23171099
23172520
23173100
23175435
23175944
23176619
23178193
23180408
23182834
23183815
23185538
23187409
23188872
23189010
23191047
23192081
23192609
23193726
23195532
23196393
23197799
23197967
23198815
23199742
23199910
23200781
23201947
23202322
23204096
23206512
23207560
23208654
23208888
23210979
23211972
23212715
23214573
23216491
23217872
23219033
23219081
23219386
23219499
23220924
23223329
23224157
23225906
23227216
23227596
23228553
23230904
23231531
23232504
23233156
23234874
23236225
23237412
23237974
23239659
23241461
23242882
23244892
23246524
23248852
23249838
23249878
23252192
23254191
23256331
23256387
23257467
23258722
23260216
23262154
23263401
23263447
23264023
23265654
23265852
23268162
23268320
23269172
23270033
23272490
23274707
23275503
23276836
23278556
23280853
23281472
23281600
23283972
23285522
23287859
23288153
23289360
23291636
23293206
23295656
23296143
23298563
23299920
23302298
23303892
23305219
23306270
23307100
23309489
23310389
23311787
23313875
23315935
23317377
23319205
23319615
23321693
23322151
23322384
23322916
23324609
23326921
23327897
23329526
23330841
23331199
23333182
23335285
23335357
23337747
23338888
23339649
23339782
23340243
23342295
23342298
23343969
23346193
23347690
23347947
23349873
23351909
23353925
23354884
23357305
23357563
23359248
23360937
23362308
23364188
23366014
23367367
23369152
23369315
23370494
23371256
23373241
23374774
23375223
23375686
23377522
23378757
23381064
23382556
23383355
23383967
23385752
23386544
23388564
23390566
23391378
23392411
23394460
23394663
23395856
23396900
23398283
23400616
23400743
23400871
23401598
23402985
23404887
23406985
23408640
23410479
23411654
23413157
23413920
23415870
23416461
23417256
23418183
23419077
23419359
23420935
23422182
23423002
23423733
23425600
23427509
23429731
23430315
23430556
23430688
23431460
23432570
23432610
23434873
23435209
23435497
23435660
23437650
23437826
23440087
23440637
23440857
23442157
23443931
23445630
23447141
23447442
23447807
23448670
23449671
23450255
23450691
23452128
23454357
23455393
23455754
23456098
23458189
23459144
23460682
23461920
23462534
23463569
23465731
23466452
23467851
23469834
23471919
23473330
23474562
23474683
23475390
23476273
23477805
23478118
23478726
23478915
23481177
23482034
23483870
23484888
23486741
23489013
23489348
23491457
23493308
23493452
23495601
23495920
23497503
23499535
23501034
23501712
23503871
23506059
23507713
23508402
23508444
23510659
23511893
23512617
23513913
23514061
23516286
23518422
23518486
23519506
23519593
23519722
23520934
23523055
23524735
23525966
23527109
23529116
23529490
23529620
23531866
23533003
23533876
23534778
23536403
23537055
23537211
23537313
23537901
23539325
23540035
23541722
23542382
23543358
23543621
23544604
23546310
23547305
23549559
23549742
23550751
23552396
23553997
23554238
23554729
23555139
23556456
23556856
23559015
23560402
23560416
23561743
23563524
23565243
23565959
23566983
23567222
23567779
23567974
23568348
23569527
23570921
23571144
23572163
23573264
23573581
23575210
23575626
23576080
23576298
23577229
23578929
23580996
23582499
23583404
23583462
23584716
23584998
23585446
23586276
23586646
23586734
23587638
23589371
23590131
23591396
23591469
23591813
23592690
23594854
23596391
23598033
23599395
23599517
23599779
23601873
23602016
23603644
23605669
23606907
23607239
23607932
23608532
23608939
23609377
23610831
23611829
23612662
23613943
23614264
23616107
23617500
23617555
23618459
23618496
23619774
23620553
23621988
23622587
23624731
23625399
23626900
23628692
23629748
23630525
23631559
23633622
23634687
23634967
23635844
23636770
23636902
23638437
23638817
23639160
23639225
23639279
23639712
23639978
23641343
23643336
23644653
23646806
23648724
23648940
23649760
23650023
23650319
23651847
23653402
23653423
23654419
23655179
23655828
23657588
23659454
23660112
23660611
23662243
23663656
23665697
23665784
23666680
23667880
23669731
23670589
23671655
23672159
23672966
23673902
23674433
23675795
23677628
23679159
23679565
23680153
23680985
23681687
23683678
23685278
23686822
23688350
23690184
23690409
23690663
23691424
23691666
23693634
23695306
23695653
23696587
23696867
23697116
23698814
23700918
23702549
23702868
23703744
23705590
23706906
23707121
23709079
23710493
23711808
23712210
23712782
23714308
23714568
23715510
23717541
23718115
23718992
23719268
23719278
23720592
23722119
23722764
23723335
23725106
23726899
23727289
23727480
23728431
23728481
23729171
23730493
23732270
23732418
23733004
23734974
23735390
23736683
23737144
23737257
23739029
23740722
23741236
23742709
23743575
23745062
23745479
23745578
23746750
23747272
23748972
23749198
23750299
23751098
23752958
23754148
23754300
23754890
23755597
23755981
23757855
23759096
23760177
23760507
23761717
23763229
23764535
23765943
23766738
23767888
23768162
23769508
23770362
23771222
23771447
23772321
23774340
23774796
23776020
23777891
23778449
23779112
23779445
23780406
23781818
23782218
23782696
23783784
23784775
23786084
23786923
23788274
23788383
23790037
23791276
23791814
23791982
23792018
23792235
23794198
23794995
23796563
23796798
23797550
23797922
23799901
23800885
23801186
23803083
23804213
23804744
23805306
23806367
23807186
23808553
23810224
23811781
23811841
23813475
23814705
23816527
23817995
23819426
23820104
23822002
23823241
23824120
23825913
23826562
23827478
23828769
23828852
23828949
23830527
23832186
23832985
23833349
23834563
23836147
23836324
23836979
23838628
23839652
23840017
23840199
23841701
23842947
23844750
23845485
23847198
23847836
23849413
23850118
23851211
23852289
23852355
23854155
23854832
23856273
23857076
23858113
23858291
23859886
23860467
23861347
23862637
23864453
23865522
23866502
23867781
23867806
23868592
23869998
23871579
23871952
23872322
23874193
23874362
23874799
23875602
23876612
23878378
23879929
23880275
23880963
23880973
23881004
23881939
23882642
23883731
23884198
23885731
23887283
23889000
23890780
23890977
23891770
23892987
23893199
23893610
23894976
23896110
23897480
23898887
23899189
23899207
23899972
23900436
23901368
23903258
23903942
23905015
23905278
23906829
23908010
23909392
23910141
23911376
23911792
23913443
23914264
23914566
23914719
23916573
23916896
23918405
23920163
23921567
23922024
23922071
23922718
23924404
23925941
23927045
23927880
23928758
23928910
23930473
23932075
23933274
23933516
23934717
23936108
23937047
23937601
23939239
23940347
23941087
23941401
23942890
23943942
23945161
23945798
23946129
23946578
23947575
23947909
23949032
23949997
23950113
23951368
23952929
23953664
23954013
23954657
23955000
23955617
23956603
23956902
23958023
23958610
23959560
23960383
23961654
23961892
23963187
23963322
23964819
23966082
23967597
23968859
23970361
23970479
23970877
23971297
23971961
23973781
23974529
23975871
23975873
23976605
23977771
23978406
23979961
23981470
23981475
23981767
23982910
23983812
23985153
23986896
23987638
23989226
23990589
23992192
23993509
23995259
23995403
23996169
23996392
23997711
23998421
23999803
24000309
24001185
24001289
24001886
24003575
24004719
24005799
24006849
24007282
24007806
24008884
24009983
24011176
24012564
24013309
24013641
24014227
24014239
24015764
24016942
24016977
24018554
24020169
24021689
24021951
24022992
24023734
24023748
24024165
24025481
24025895
24026363
24027783
24028709
24029833
24031439
24032560
24033228
24033686
24033755
24034915
24036221
24036425
24037997
24038615
24039519
24040455
24040973
24041754
24042388
24043234
24043432
24043459
24044879
24045342
24046920
24047541
24048461
24049787
24050831
24052070
24052343
24052469
24053898
24054781
24055783
24056579
24057988
24058035
24059107
24059777
24060722
24061032
24061424
24062186
24063308
24063878
24065060
24066503
24067540
24068684
24069693
24070165
24071012
24072145
24073635
24073728
24074903
24075891
24076690
24076707
24076929
24077879
24077950
24078728
24079736
24079820
24079904
24080941
24082035
24083587
24083591
24084443
24085768
24086347
24086632
24087881
24089547
24090477
24091291
24091368
24092099
24093358
24094973
24095459
24096551
24097246
24097264
24098435
24099340
24099530
24099699
24100691
24102089
24103180
24104852
24105173
24106784
24108228
24109754
24109910
24111277
24112202
24112902
24113249
24113279
24113539
24113568
24114084
24115184
24115927
24117071
24118270
24118795
24119324
24120968
24121903
24122593
24123507
24123545
24123873
24125016
24125758
24126704
24127085
24128716
24130009
24130284
24131399
24131532
24132117
24132219
24133079
24134295
24134500
24135388
24136213
24137804
24138805
24140323
24141183
24142501
24143554
24143617
24144386
24144694
24145122
24145216
24146375
24147225
24147941
24149342
24150644
24151028
24151741
24152048
24152162
24153160
24153846
24154999
24155949
24156790
24157221
24157400
24158573
24159322
24159669
24159788
24160226
24160564
24160679
24160724
24160829
24161237
24161900
24163485
24164888
24166071
24166514
24168031
24168900
24169040
24170407
24171954
24172524
24173555
24174592
24175848
24177243
24178334
24178844
24180099
24181063
24181824
24182417
24183654
24184265
24185355
24185807
24186901
24187377
24188881
24189676
24189852
24191062
24192291
24192904
24194157
24195146
24196522
24197281
24198269
24198783
24198909
24200177
24201488
24202468
24203158
24204015
24204924
24205854
24206334
24206942
24208439
24209061
24209487
24210242
24211042
24211773
24212374
24213737
24214755
24216284
24217640
24218784
24220192
24220959
24221532
24222944
24223700
24224747
24225840
24227249
24228621
24229420
24229448
24230093
24230343
24231369
24231418
24232903
24234206
24234466
24234743
24235607
24235668
24236175
24237490
24238270
24238488
24239490
24239912
24240613
24241986
24242785
24243715
24244618
24245467
24245863
24247146
24248533
24249035
24249166
24249548
24250353
24250852
24251320
24252378
24252918
24253464
24254133
24254352
24255263
24256103
24257281
24258604
24259111
24259128
24259756
24260348
24261144
24262280
24263316
24264156
24264289
24264715
24265631
24265830
24265935
24267309
24267713
24268781
24270119
24270191
24270867
24271508
24272565
24272827
24274245
24274447
24274924
24275248
24276590
24277339
24278153
24278945
24279350
24280368
24280753
24281565
24282524
24282708
24283751
24284563
24285968
24286622
24287102
24288320
24288461
24288692
24289222
24289254
24290051
24290125
24291191
24291588
24292148
24292968
24293621
24293923
24295312
24296330
24297521
24298412
24299308
24299979
24300412
24301386
24302266
24303324
24303572
24304689
24306076
24307025
24307920
24309158
24309511
24310643
24311557
24311871
24312093
24312312
24313571
24313919
24314890
24315273
24315971
24316940
24318089
24319065
24320034
24320811
24321361
24321499
24321743
24321833
24322832
24323285
24323952
24324978
24325148
24326082
24326814
24327016
24327230
24327947
24328415
24329599
24330864
24331732
24332562
24333009
24334022
24335327
24335379
24336163
24336232
24336357
24336769
24338087
24338283
24338967
24339968
24341119
24341995
24342952
24343991
24344151
24344223
24345488
24346676
24346810
24347204
24348400
24349052
24350375
24351542
24352178
24353340
24354533
24354964
24355527
24356613
24357280
24358365
24359057
24360048
24360296
24360753
24361087
24361116
24361600
24362664
24362969
24363231
24364103
24364500
24365379
24366553
24367371
24368116
24368724
24369460
24370378
24371006
24371583
24372233
24372703
24373430
24374066
24374197
24374736
24375687
24376753
24377710
24378562
24379230
24380356
24380745
24381144
24381626
24381731
24382326
24383149
24384283
24384793
24385616
24385633
24386349
24386517
24386991
24387960
24388152
24389169
24389844
24389900
24390370
24390385
24390671
24391567
24391677
24392589
24393075
24394101
24394512
24394605
24395333
24396464
24397451
24397692
24397747
24398489
24399010
24400095
24400477
24401632
24401724
24402142
24403068
24403486
24403557
24403890
24404811
24405841
24406080
24407035
24407968
24408705
24409451
24410607
24410664
24410705
24411302
24411351
24411614
24412439
24412889
24413029
24413385
24413634
24414830
24415842
24416953
24416974
24418124
24418155
24418463
24418952
24419027
24419091
24419117
24420094
24420463
24420755
24421394
24421495
24421742
24422393
24422899
24422991
24423320
24424402
24424689
24425246
24425342
24426162
24427153
24428110
24428148
24428895
24429834
24430934
24431778
24432489
24433321
24434468
24434563
24434846
24435822
24436302
24436401
24437298
24438199
24439286
24440123
24440840
24441729
24442222
24443149
24443601
24444651
24445842
24446126
24447198
24447661
24448542
24449392
24450473
24450611
24451727
24451760
24452377
24453289
24453629
24454181
24455052
24455242
24455327
24455368
24456031
24457097
24458104
24459092
24460149
24460792
24461708
24461997
24462486
24462584
24463666
24463863
24464320
24464435
24465267
24466230
24467090
24468115
24468894
24469152
24470256
24470747
24471433
24471730
24472083
24472576
24472996
24473919
24474967
24475242
24475900
24476292
24477054
24477492
24477593
24478459
24478956
24479610
24480033
24481039
24481403
24482117
24482547
24482591
24482938
24483229
24483681
24484335
24484743
24484782
24485349
24485923
24486629
24486725
24486944
24487359
24488278
24489394
24489577
24489624
24489678
24490452
24490612
24491608
24491992
24492255
24493342
24494235
24494684
24494842
24494931
24495724
24496133
24496760
24497104
24497348
24497580
24498589
24498788
24499362
24499571
24499727
24499963
24500334
24500492
24501351
24502414
24503412
24504501
24504702
24505384
24505469
24505615
24505957
24506330
24507133
24508125
24508635
24509399
24509904
24510126
24510170
24510841
24511894
24512273
24512477
24513228
24514199
24514984
24515544
24516311
24517106
24517251
24517345
24517852
24518805
24519061
24519440
24519651
24520217
24520399
24521221
24522267
24522875
24523902
24524339
24524666
24525557
24526153
24526541
24527068
24527272
24528160
24528779
24529144
24529688
24530151
24530424
24530655
24531639
24532038
24532070
24532324
24533332
24534319
24534619
24534702
24534800
24534914
24535158
24535644
24536341
24536728
24537358
24537930
24537990
24538443
24538670
24539624
24540295
24540480
24540676
24540937
24541375
24542112
24542335
24542699
24543593
24543608
24544599
24545494
24546382
24546881
24546936
24547406
24548003
24548019
24548658
24549382
24549600
24549663
24550605
24550620
24551569
24551701
24551862
24552339
24552993
24553449
24554297
24554336
24554836
24555248
24556189
24556425
24557388
24557417
24558140
24558200
24558995
24559172
24559205
24559278
24560139
24560536
24560915
24561440
24562148
24563086
24563717
24564537
24564706
24565623
24565634
24566254
24566838
24566940
24566973
24567832
24568039
24568313
24569156
24569396
24569644
24570113
24570524
24571227
24572019
24572132
24572277
24572812
24573735
24574613
24574954
24575292
24575554
24575596
24576514
24576753
24577644
24577720
24578061
24578986
24579020
24579593
24579886
24580700
24580873
24580938
24581316
24581413
24581447
24581501
24581988
24582136
24582301
24582746
24583487
24583887
24584182
24584841
24584961
24585131
24585804
24586376
24586770
24586861
24587515
24588418
24589314
24589329
24590208
24590274
24590357
24590532
24591388
24591662
24592124
24592166
24592797
24593584
24594077
24594495
24594847
24595087
24595591
24596452
24596980
24597304
24597712
24598308
24598524
24598766
24598921
24599538
24599708
24600412
24600881
24601755
24601878
24602436
24602637
24603113
24603455
24603857
24604390
24605221
24605460
24606133
24606492
24607356
24607716
24608513
24609219
24609895
24610083
24610644
24611292
24611504
24612224
24612708
24612885
24613560
24613987
24614487
24615146
24615838
24616525
24617149
24617355
24617752
24618013
24618638
24619346
24619554
24619965
24620559
24621053
24621638
24622157
24622718
24623077
24623320
24623758
24623923
24624626
24624999
24625212
24625954
24626116
24626130
24626568
24627328
24627887
24628575
24629376
24629503
24630304
24630632
24631345
24631827
24632345
24632473
24633123
24633707
24634394
24634820
24634933
24635191
24635278
24635490
24636085
24636819
24637076
24637152
24637373
24637800
24637871
24638516
24638640
24639434
24639632
24639707
24640337
24640623
24641241
24641630
24641919
24642109
24642654
24643172
24643173
24643342
24643913
24644155
24644542
24645094
24645650
24646272
24646814
24647409
24648022
24648182
24648258
24648616
24648851
24649115
24649858
24650502
24651067
24651773
24651994
24652276
24652780
24653043
24653582
24653990
24654412
24654911
24655609
24656173
24656482
24656560
24656706
24657114
24657453
24657478
24657627
24658113
24658335
24658503
24658930
24659353
24659787
24660032
24660735
24661353
24661885
24662486
24662494
24662571
24663056
24663713
24663737
24664172
24664363
24664587
24665207
24665451
24665489
24666082
24666311
24666356
24666699
24667003
24667011
24667651
24667768
24667931
24668055
24668202
24668378
24668549
24668583
24669080
24669479
24670182
24670518
24671100
24671123
24671553
24671957
24672160
24672265
24672821
24672870
24673529
24673710
24673845
24674493
24674860
24675065
24675113
24675622
24676162
24676284
24676800
24677381
24677487
24678035
24678039
24678130
24678801
24679072
24679165
24679343
24679743
24680018
24680380
24680666
24680749
24681051
24681073
24681533
24681923
24682518
24682524
24682703
24682802
24683377
24683895
24684229
24684618
24684958
24685469
24685497
24685854
24685924
24685953
24686144
24686781
24687162
24687275
24687727
24687870
24688232
24688704
24689160
24689249
24689774
24690075
24690555
24691066
24691295
24691348
24691928
24691959
24692395
24692883
24693464
24693735
24693901
24694461
24694598
24694860
24695386
24695704
24696026
24696346
24696820
24697428
24697916
24698412
24698870
24699244
24699433
24699565
24699609
24699988
24700567
24700672
24700800
24701031
24701584
24702139
24702715
24702780
24702954
24703463
24703683
24703998
24704102
24704614
24704912
24705341
24705545
24706098
24706478
24707003
24707341
24707771
24708364
24708410
24708896
24708911
24709425
24709705
24710064
24710206
24710498
24710950
24710998
24711048
24711516
24711711
24711935
24712185
24712635
24712728
24713117
24713304
24713741
24714111
24714495
24714765
24714884
24715228
24715231
24715533
24715987
24716369
24716711
24716764
24717065
24717184
24717189
24717457
24717500
24718049
24718530
24718935
24719284
24719682
24719895
24720306
24720746
24720830
24720874
24721023
24721214
24721724
24722090
24722243
24722782
24722831
24722954
24723426
24723636
24723752
24724051
24724577
24725102
24725238
24725547
24725745
24726268
24726748
24727063
24727190
24727713
24728006
24728373
24728534
24728815
24728938
24729394
24729597
24729841
24730237
24730612
24730971
24731307
24731385
24731883
24731929
24732404
24732640
24733139
24733496
24733834
24734096
24734361
24734853
24734978
24735151
24735569
24735589
24735812
24736123
24736431
24736595
24736873
24737044
24737066
24737223
24737586
24737853
24738333
24738625
24739027
24739417
24739772
24740095
24740209
24740546
24740566
24740962
24741320
24741790
24741978
24742040
24742366
24742401
24742735
24743202
24743448
24743746
24743941
24744244
24744687
24744745
24745134
24745180
24745492
24745669
24745818
24745996
24746422
24746618
24746993
24747260
24747295
24747588
24747689
24748041
24748286
24748641
24748670
24749109
24749129
24749413
24749753
24750046
24750463
24750838
24751152
24751557
24751561
24751947
24752079
24752483
24752808
24753043
24753175
24753349
24753516
24753716
24753846
24754246
24754427
24754526
24754732
24754937
24755077
24755364
24755427
24755690
24755756
24756065
24756438
24756744
24756920
24756974
24757297
24757343
24757571
24757972
24758297
24758375
24758483
24758525
24758592
24758877
24759122
24759238
24759295
24759410
24759602
24759891
24759995
24760248
24760591
24760842
24761135
24761484
24761823
24761891
24762175
24762392
24762664
24763021
24763186
24763376
24763738
24763918
24764203
24764253
24764436
24764492
24764671
24764947
24765217
24765552
24765700
24765860
24766149
24766481
24766597
24766677
24766734
24766756
24767082
24767276
24767380
24767506
24767709
24767981
24768218
24768399
24768551
24768702
24768950
24769031
24769217
24769445
24769632
24769932
24770238
24770524
24770544
24770721
24770874
24771116
24771356
24771552
24771778
24772052
24772285
24772617
24772857
24772965
24773242
24773258
24773529
24773803
24773804
24773875
24773944
24774257
24774410
24774467
24774550
24774812
24775066
24775130
24775389
24775710
24775889
24776131
24776156
24776409
24776712
24776739
24776937
24777035
24777210
24777311
24777405
24777457
24777522
24777623
24777787
24778026
24778264
24778419
24778700
24778813
24778883
24779112
24779137
24779289
24779469
24779564
24779606
24779675
24779805
24780068
24780331
24780501
24780522
24780770
24780897
24781130
24781336
24781549
24781595
24781867
24782043
24782303
24782320
24782509
24782515
24782560
24782824
24782974
24783192
24783383
24783482
24783606
24783738
24783761
24783853
24783899
24783906
24783919
24783936
24784011
24784085
24784321
24784552
24784747
24784776
24784959
24785013
24785176
24785362
24785409
24785438
24785561
24785608
24785846
24786046
24786256
24786483
24786670
24786884
24786942
24787088
24787235
24787418
24787654
24787860
24788040
24788262
24788411
24788471
24788674
24788676
24788716
24788778
24788812
24788866
24789035
24789238
24789377
24789597
24789702
24789897
24790024
24790216
24790255
24790339
24790408
24790421
24790429
24790483
24790679
24790867
24790924
24791045
24791218
24791218
24791355
24791557
24791749
24791875
24791908
24791980
24792062
24792226
24792326
24792512
24792700
24792711
24792780
24792871
24792894
24792947
24793136
24793320
24793404
24793422
24793482
24793561
24793680
24793758
24793872
24793917
24793943
24794047
24794224
24794335
24794496
24794503
24794556
24794715
24794770
24794795
24794934
24795045
24795161
24795193
24795275
24795422
24795510
24795569
24795676
24795758
24795841
24795971
24796005
24796106
24796106
24796118
24796256
24796340
24796467
24796611
24796643
24796656
24796770
24796845
24796922
24796984
24797062
24797197
24797233
24797336
24797435
24797441
24797454
24797471
24797557
24797641
24797702
24797804
24797823
24797858
24797901
24798025
24798074
24798134
24798181
24798259
24798288
24798308
24798427
24798493
24798570
24798571
24798663
24798743
24798770
24798842
24798860
24798936
24799024
24799129
24799203
24799244
24799324
24799377
24799456
24799465
24799559
24799612
24799692
24799724
24799766
24799860
24799897
24799986
24800016
24800108
24800177
24800191
24800258
24800339
24800389
24800446
24800453
24800538
24800602
24800604
24800658
24800681
24800714
24800723
24800773
24800782
24800843
24800902
24800944
24800981
24801016
24801059
24801095
24801159
24801166
24801232
24801281
24801342
24801405
24801437
24801445
24801480
24801519
24801556
24801561
24801567
24801594
24801647
24801656
24801698
24801732
24801777
24801785
24801815
24801841
24801874
24801914
24801946
24801963
24802006
24802026
24802051
24802067
24802073
24802088
24802119
24802146
24802158
24802184
24802210
24802218
24802246
24802256
24802256
24802286
24802309
24802314
24802336
24802336
24802350
24802368
24802380
24802383
24802399
24802414
24802428
24802437
24802444
24802449
24802457
24802461
24802463
24802466
24802476
24802480
24802488
24802492
24802494
24802496
24802497
24802499
24802500
24802501
24802502
24802502
