383
1047
1948
2251
2484
2669
3435
3657
3922
4348
5280
5917
6203
6795
7606
7672
8260
9060
9166
9221
9812
10623
11472
11954
12472
12477
12577
12723
12922
13386
13745
14015
14069
14888
14905
15727
15740
16593
17148
17568
18117
19073
19424
19810
19898
20770
21720
22613
22776
23691
23954
23965
24740
25607
26461
26974
27772
28028
28674
29483
29628
30183
30747
31548
32108
32568
32822
33305
33374
33962
34166
34861
35435
35912
35938
36680
37594
37981
38682
39302
39989
39999
40473
40564
40596
41085
41908
42138
42188
42573
43285
43858
43974
44666
45501
45728
45954
46590
46606
46994
47489
47710
48024
48364
48743
49544
49705
49927
50036
50891
51603
52059
52096
52610
52684
52820
53497
53634
54004
54081
54921
55344
55609
56422
56935
57331
58044
58046
58659
59523
59700
60233
60518
60608
60722
60922
61412
61937
62730
63197
63565
64417
64599
64991
65142
65216
65408
66011
66255
67091
67431
68223
68979
69445
69909
70099
70665
71124
71501
71780
71959
71973
72775
73095
73788
74473
75290
75443
75549
75937
76471
76629
77012
77699
77706
78447
78722
79114
79771
80237
80709
80720
80915
81028
81327
81744
82038
82552
83042
83611
83700
83975
84130
84512
84886
85619
86246
86583
86663
86978
87354
88109
88218
88355
89120
89323
89573
90004
90164
90670
90998
91217
91922
92024
92095
92831
93195
93612
94090
94581
94811
95437
96181
96756
97144
97159
97818
98219
98469
99061
99310
99519
100221
100856
101259
101451
101686
102007
102711
103058
103440
104067
104422
105009
105535
105843
106579
106628
107267
107913
108018
108019
108296
108788
109060
109365
109509
109917
110073
110469
110471
111091
111825
112353
112987
113325
114021
114687
115413
116064
116084
116591
117211
117915
117942
118067
118367
118450
118639
118921
119362
119620
119801
120208
120496
120654
120931
120987
121486
122156
122595
122838
122935
123035
123103
123113
123463
123668
124012
124349
124739
124777
125111
125539
125995
126407
126714
127377
128032
128498
128815
129050
129278
129537
129768
129797
130441
130976
131578
132150
132636
133179
133792
134265
134470
134900
135071
135450
135987
136573
136932
137263
137563
137878
137961
138394
139033
139443
139577
140051
140411
140717
140957
141151
141491
141972
142080
142149
142525
142837
143359
143397
143518
143694
143984
144513
144853
145168
145566
145800
146418
146933
147023
147153
147446
147572
147633
148024
148316
148869
149153
149482
150097
150318
150429
150955
151117
151392
151896
152044
152163
152717
152904
153511
153948
154270
154616
154743
155116
155455
155721
155886
156142
156336
156358
156739
157211
157236
157662
157781
158309
158413
158567
159014
159344
159422
159938
160430
160887
161129
161562
161999
162468
162567
162995
163244
163571
163673
164077
164651
165051
165132
165686
166067
166204
166369
166704
166999
167414
167607
168170
168381
168523
168748
168926
169362
169489
169578
169887
170217
170373
170435
170695
170967
171231
171605
171723
171833
172099
172623
172729
173259
173397
173627
173850
174363
174858
175331
175723
175777
175977
176164
176519
177020
177035
177081
177416
177468
177855
178064
178369
178660
178924
179224
179445
179559
179792
179841
180014
180067
180484
180788
180972
181369
181374
181573
181992
182422
182458
182507
183010
183516
183801
183847
184123
184513
184798
185180
185570
185770
186031
186300
186612
187045
187052
187138
187187
187534
188020
188063
188269
188599
188804
188863
188887
188958
189370
189588
189760
189842
189887
190277
190445
190746
190982
191028
191136
191267
191511
191930
192268
192550
192964
193009
193246
193376
193467
193781
193882
194136
194513
194919
195089
195528
195702
196067
196163
196498
196542
196561
196971
197110
197155
197535
197750
198121
198357
198475
198572
198786
198804
198975
199201
199299
199507
199639
199691
199831
200048
200146
200391
200422
200659
200957
201280
201513
201554
201703
201718
201827
201896
201935
201946
202261
202538
202742
202949
203261
203429
203523
203791
203970
204371
204568
204830
204868
204937
205212
205221
205327
205597
205637
205726
206099
206464
206577
206587
206654
207027
207074
207335
207721
207903
208235
208605
208886
209143
209411
209708
209833
210207
210552
210811
211165
211356
211627
211748
212077
212143
212345
212623
212838
213039
213188
213468
213780
213867
214164
214324
214651
214869
214987
215031
215379
215393
215570
215844
216004
216293
216366
216602
216676
216880
216993
217150
217409
217626
217825
218146
218295
218362
218558
218788
219028
219166
219306
219541
219724
219892
220077
220202
220502
220785
220935
221168
221207
221292
221543
221684
221962
222127
222306
222422
222700
223013
223123
223138
223375
223493
223745
223811
224015
224154
224312
224350
224523
224718
225020
225164
225371
225559
225779
225795
225920
225990
226147
226221
226267
226276
226309
226542
226702
226907
227036
227283
227419
227469
227729
227736
227780
227783
227830
228080
228168
228426
228580
228613
228787
229028
229241
229470
229514
229722
229933
229988
230058
230094
230140
230251
230385
230580
230650
230771
230797
230996
231217
231322
231339
231555
231574
231689
231704
231900
231925
231937
232105
232124
232166
232176
232197
232336
232488
232550
232603
232679
232726
232816
232840
232955
233137
233175
233385
233540
233540
233676
233706
233879
233996
234057
234118
234265
234417
234495
234582
234726
234775
234779
234830
234864
234969
235049
235120
235159
235254
235282
235365
235466
235606
235645
235812
235884
235950
236142
236167
236256
236393
236458
236494
236561
236672
236721
236869
236926
237017
237042
237150
237193
237361
237439
237467
237564
237628
237724
237820
237890
238013
238022
238182
238244
238312
238354
238503
238572
238622
238746
238896
238948
239007
239074
239188
239268
239368
239449
239578
239703
239732
239872
239961
240067
240112
240159
240203
240234
240245
240305
240442
240539
240620
240630
240727
240857
240933
240987
241086
241195
241282
241284
241334
241407
241468
241578
241595
241641
241735
241762
241802
241922
241943
242039
242143
242195
242252
242331
242350
242460
242496
242608
242628
242709
242780
242825
242863
242869
242973
243062
243093
243095
243174
243235
243253
243285
243302
243355
243447
243538
243593
243605
243611
243648
243733
243798
243866
243944
243980
244064
244110
244186
244207
244257
244320
244328
244373
244384
244413
244477
244537
244573
244641
244682
244685
244727
244769
244827
244886
244908
244933
244996
245006
245065
245074
245122
245157
245208
245212
245221
245258
245279
245331
245344
245348
245349
245370
245384
245422
245445
245468
245476
245509
245544
245566
245576
245576
245601
245623
245654
245666
245673
245693
245710
245720
245742
245742
245743
245753
245755
245778
245786
245790
245806
245826
245832
245833
245835
245844
245848
245856
245868
245877
245884
245890
245894
245901
245901
245902
245907
245910
245910
245911
245911
245911
