617
-47
-948
-1251
-1484
-1669
-2435
-2657
-2922
-3348
-4280
-4917
-5203
-5795
-6606
-6672
-7260
-8060
-8166
-8221
-8812
-9623
-10472
-10954
-11472
-11477
-11577
-11723
-11922
-12386
-12745
-13015
-13069
-13888
-13905
-14727
-14740
-15593
-16148
-16568
-17117
-18073
-18424
-18810
-18898
-19770
-20720
-21613
-21776
-22691
-22954
-22965
-23740
-24607
-25461
-25974
-26772
-27028
-27674
-28483
-28628
-29183
-29747
-30548
-31108
-31568
-31822
-32305
-32374
-32962
-33166
-33861
-34435
-34912
-34938
-35680
-36594
-36981
-37682
-38302
-38989
-38999
-39473
-39564
-39596
-40085
-40908
-41138
-41188
-41573
-42285
-42858
-42974
-43666
-44501
-44728
-44954
-45590
-45606
-45994
-46489
-46710
-47024
-47364
-47743
-48544
-48705
-48927
-49036
-49891
-50603
-51059
-51096
-51610
-51684
-51820
-52497
-52634
-53004
-53081
-53921
-54344
-54609
-55422
-55935
-56331
-57044
-57046
-57659
-58523
-58700
-59233
-59518
-59608
-59722
-59922
-60412
-60937
-61730
-62197
-62565
-63417
-63599
-63991
-64142
-64216
-64408
-65011
-65255
-66091
-66431
-67223
-67979
-68445
-68909
-69099
-69665
-70124
-70501
-70780
-70959
-70973
-71775
-72095
-72788
-73473
-74290
-74443
-74549
-74937
-75471
-75629
-76012
-76699
-76706
-77447
-77722
-78114
-78771
-79237
-79709
-79720
-79915
-80028
-80327
-80744
-81038
-81552
-82042
-82611
-82700
-82975
-83130
-83512
-83886
-84619
-85246
-85583
-85663
-85978
-86354
-87109
-87218
-87355
-88120
-88323
-88573
-89004
-89164
-89670
-89998
-90217
-90922
-91024
-91095
-91831
-92195
-92612
-93090
-93581
-93811
-94437
-95181
-95756
-96144
-96159
-96818
-97219
-97469
-98061
-98310
-98519
-99221
-99856
-100259
-100451
-100686
-101007
-101711
-102058
-102440
-103067
-103422
-104009
-104535
-104843
-105579
-105628
-106267
-106913
-107018
-107019
-107296
-107788
-108060
-108365
-108509
-108917
-109073
-109469
-109471
-110091
-110825
-111353
-111987
-112325
-113021
-113687
-114413
-115064
-115084
-115591
-116211
-116915
-116942
-117067
-117367
-117450
-117639
-117921
-118362
-118620
-118801
-119208
-119496
-119654
-119931
-119987
-120486
-121156
-121595
-121838
-121935
-122035
-122103
-122113
-122463
-122668
-123012
-123349
-123739
-123777
-124111
-124539
-124995
-125407
-125714
-126377
-127032
-127498
-127815
-128050
-128278
-128537
-128768
-128797
-129441
-129976
-130578
-131150
-131636
-132179
-132792
-133265
-133470
-133900
-134071
-134450
-134987
-135573
-135932
-136263
-136563
-136878
-136961
-137394
-138033
-138443
-138577
-139051
-139411
-139717
-139957
-140151
-140491
-140972
-141080
-141149
-141525
-141837
-142359
-142397
-142518
-142694
-142984
-143513
-143853
-144168
-144566
-144800
-145418
-145933
-146023
-146153
-146446
-146572
-146633
-147024
-147316
-147869
-148153
-148482
-149097
-149318
-149429
-149955
-150117
-150392
-150896
-151044
-151163
-151717
-151904
-152511
-152948
-153270
-153616
-153743
-154116
-154455
-154721
-154886
-155142
-155336
-155358
-155739
-156211
-156236
-156662
-156781
-157309
-157413
-157567
-158014
-158344
-158422
-158938
-159430
-159887
-160129
-160562
-160999
-161468
-161567
-161995
-162244
-162571
-162673
-163077
-163651
-164051
-164132
-164686
-165067
-165204
-165369
-165704
-165999
-166414
-166607
-167170
-167381
-167523
-167748
-167926
-168362
-168489
-168578
-168887
-169217
-169373
-169435
-169695
-169967
-170231
-170605
-170723
-170833
-171099
-171623
-171729
-172259
-172397
-172627
-172850
-173363
-173858
-174331
-174723
-174777
-174977
-175164
-175519
-176020
-176035
-176081
-176416
-176468
-176855
-177064
-177369
-177660
-177924
-178224
-178445
-178559
-178792
-178841
-179014
-179067
-179484
-179788
-179972
-180369
-180374
-180573
-180992
-181422
-181458
-181507
-182010
-182516
-182801
-182847
-183123
-183513
-183798
-184180
-184570
-184770
-185031
-185300
-185612
-186045
-186052
-186138
-186187
-186534
-187020
-187063
-187269
-187599
-187804
-187863
-187887
-187958
-188370
-188588
-188760
-188842
-188887
-189277
-189445
-189746
-189982
-190028
-190136
-190267
-190511
-190930
-191268
-191550
-191964
-192009
-192246
-192376
-192467
-192781
-192882
-193136
-193513
-193919
-194089
-194528
-194702
-195067
-195163
-195498
-195542
-195561
-195971
-196110
-196155
-196535
-196750
-197121
-197357
-197475
-197572
-197786
-197804
-197975
-198201
-198299
-198507
-198639
-198691
-198831
-199048
-199146
-199391
-199422
-199659
-199957
-200280
-200513
-200554
-200703
-200718
-200827
-200896
-200935
-200946
-201261
-201538
-201742
-201949
-202261
-202429
-202523
-202791
-202970
-203371
-203568
-203830
-203868
-203937
-204212
-204221
-204327
-204597
-204637
-204726
-205099
-205464
-205577
-205587
-205654
-206027
-206074
-206335
-206721
-206903
-207235
-207605
-207886
-208143
-208411
-208708
-208833
-209207
-209552
-209811
-210165
-210356
-210627
-210748
-211077
-211143
-211345
-211623
-211838
-212039
-212188
-212468
-212780
-212867
-213164
-213324
-213651
-213869
-213987
-214031
-214379
-214393
-214570
-214844
-215004
-215293
-215366
-215602
-215676
-215880
-215993
-216150
-216409
-216626
-216825
-217146
-217295
-217362
-217558
-217788
-218028
-218166
-218306
-218541
-218724
-218892
-219077
-219202
-219502
-219785
-219935
-220168
-220207
-220292
-220543
-220684
-220962
-221127
-221306
-221422
-221700
-222013
-222123
-222138
-222375
-222493
-222745
-222811
-223015
-223154
-223312
-223350
-223523
-223718
-224020
-224164
-224371
-224559
-224779
-224795
-224920
-224990
-225147
-225221
-225267
-225276
-225309
-225542
-225702
-225907
-226036
-226283
-226419
-226469
-226729
-226736
-226780
-226783
-226830
-227080
-227168
-227426
-227580
-227613
-227787
-228028
-228241
-228470
-228514
-228722
-228933
-228988
-229058
-229094
-229140
-229251
-229385
-229580
-229650
-229771
-229797
-229996
-230217
-230322
-230339
-230555
-230574
-230689
-230704
-230900
-230925
-230937
-231105
-231124
-231166
-231176
-231197
-231336
-231488
-231550
-231603
-231679
-231726
-231816
-231840
-231955
-232137
-232175
-232385
-232540
-232540
-232676
-232706
-232879
-232996
-233057
-233118
-233265
-233417
-233495
-233582
-233726
-233775
-233779
-233830
-233864
-233969
-234049
-234120
-234159
-234254
-234282
-234365
-234466
-234606
-234645
-234812
-234884
-234950
-235142
-235167
-235256
-235393
-235458
-235494
-235561
-235672
-235721
-235869
-235926
-236017
-236042
-236150
-236193
-236361
-236439
-236467
-236564
-236628
-236724
-236820
-236890
-237013
-237022
-237182
-237244
-237312
-237354
-237503
-237572
-237622
-237746
-237896
-237948
-238007
-238074
-238188
-238268
-238368
-238449
-238578
-238703
-238732
-238872
-238961
-239067
-239112
-239159
-239203
-239234
-239245
-239305
-239442
-239539
-239620
-239630
-239727
-239857
-239933
-239987
-240086
-240195
-240282
-240284
-240334
-240407
-240468
-240578
-240595
-240641
-240735
-240762
-240802
-240922
-240943
-241039
-241143
-241195
-241252
-241331
-241350
-241460
-241496
-241608
-241628
-241709
-241780
-241825
-241863
-241869
-241973
-242062
-242093
-242095
-242174
-242235
-242253
-242285
-242302
-242355
-242447
-242538
-242593
-242605
-242611
-242648
-242733
-242798
-242866
-242944
-242980
-243064
-243110
-243186
-243207
-243257
-243320
-243328
-243373
-243384
-243413
-243477
-243537
-243573
-243641
-243682
-243685
-243727
-243769
-243827
-243886
-243908
-243933
-243996
-244006
-244065
-244074
-244122
-244157
-244208
-244212
-244221
-244258
-244279
-244331
-244344
-244348
-244349
-244370
-244384
-244422
-244445
-244468
-244476
-244509
-244544
-244566
-244576
-244576
-244601
-244623
-244654
-244666
-244673
-244693
-244710
-244720
-244742
-244742
-244743
-244753
-244755
-244778
-244786
-244790
-244806
-244826
-244832
-244833
-244835
-244844
-244848
-244856
-244868
-244877
-244884
-244890
-244894
-244901
-244901
-244902
-244907
-244910
-244910
-244911
-244911
-244911
