17
-26
-63
-85
-102
-167
-183
-195
-252
-311
-343
-365
-447
-478
-561
-617
-641
-679
-723
-733
-744
-745
-748
-792
-818
-823
-835
-842
-861
-904
-923
-944
-954
-1011
-1040
-1057
-1106
-1113
-1114
-1159
-1168
-1186
-1239
-1259
-1307
-1339
-1389
-1429
-1472
-1481
-1494
-1520
-1563
-1578
-1580
-1598
-1604
-1634
-1656
-1686
-1711
-1726
-1728
-1739
-1759
-1764
-1774
-1798
-1799
-1824
-1848
-1848
-1850
-1850
-1866
-1883
-1885
-1903
-1920
-1934
-1941
-1954
-1960
-1967
-1979
-1988
-1995
-1995
-1997
-2004
-2006
-2012
-2016
-2016
-2017
-2019
-2021
-2021
-2021
-2021
