617
-4970
-14151
-15611
-16816
-17376
-24948
-31077
-35318
-38378
-46960
-54154
-64004
-69198
-73825
-83441
-91757
-98283
-105789
-112792
-118143
-121160
-123497
-131065
-136295
-145750
-155156
-162862
-170261
-176570
-184959
-188259
-195801
-203665
-207654
-210296
-211333
-217838
-219015
-222601
-231670
-235781
-245222
-248224
-250848
-260780
-261892
-265893
-266704
-269704
-272317
-273168
-276895
-284680
-294138
-299601
-302511
-308149
-309257
-310708
-311753
-315659
-320015
-321538
-330450
-330570
-334676
-338726
-345731
-354360
-358104
-365144
-370462
-376420
-377354
-380196
-381074
-388271
-396406
-404400
-408127
-415508
-416810
-421796
-422136
-427215
-427960
-428069
-430639
-434903
-438685
-442615
-449071
-452529
-457528
-458320
-468178
-475015
-475231
-483685
-490480
-499870
-500440
-504974
-514809
-518880
-528347
-533997
-534394
-536284
-536636
-538529
-539574
-549284
-557474
-558180
-566097
-574403
-581973
-590993
-600313
-601168
-609697
-615126
-615219
-617490
-618205
-623949
-631330
-636573
-641400
-649865
-659234
-666389
-675621
-678751
-679169
-682383
-689756
-692242
-696250
-699212
-699850
-707626
-715721
-720835
-723249
-730018
-730598
-739923
-748213
-749965
-756129
-758112
-763724
-770889
-772735
-776236
-776597
-780164
-781903
-790545
-794903
-798481
-803950
-807775
-813740
-821207
-821657
-824973
-825697
-832753
-836088
-838985
-847058
-852749
-860960
-865835
-868766
-873946
-880418
-883561
-886314
-892725
-896288
-904695
-910069
-916952
-926234
-928405
-932004
-941026
-946189
-948977
-949653
-951766
-960457
-966520
-974006
-978848
-982424
-989436
-998869
-1001838
-1009823
-1013461
-1018179
-1021296
-1024840
-1029041
-1032529
-1034782
-1040835
-1047753
-1049528
-1057839
-1058371
-1059931
-1068441
-1070529
-1073219
-1079287
-1088135
-1088377
-1093605
-1103345
-1106308
-1114704
-1121194
-1123421
-1130810
-1136305
-1140319
-1145556
-1153517
-1159874
-1163605
-1171563
-1173311
-1180145
-1183527
-1193148
-1199209
-1206469
-1207751
-1209379
-1211857
-1219538
-1221273
-1221305
-1228160
-1234668
-1240517
-1245275
-1250255
-1253835
-1260675
-1270300
-1279988
-1284575
-1294277
-1296393
-1299485
-1305258
-1307964
-1314467
-1324145
-1328977
-1336507
-1336934
-1340464
-1342636
-1343320
-1348937
-1353992
-1355742
-1358358
-1361390
-1364655
-1366908
-1374909
-1381829
-1390514
-1398139
-1400347
-1409020
-1417055
-1424539
-1431438
-1431811
-1434450
-1438558
-1443923
-1452147
-1453319
-1455369
-1457631
-1463650
-1468692
-1474114
-1481004
-1487951
-1492281
-1493473
-1499425
-1505682
-1505957
-1506008
-1507823
-1512158
-1513405
-1520577
-1525205
-1532763
-1534736
-1543505
-1548649
-1550139
-1555341
-1557617
-1565663
-1566454
-1567013
-1574396
-1577725
-1586030
-1594485
-1595951
-1598048
-1598251
-1602680
-1605768
-1611204
-1617290
-1619803
-1629076
-1632203
-1633882
-1641406
-1647514
-1651894
-1660766
-1664348
-1667206
-1675474
-1679920
-1680940
-1687143
-1692883
-1695217
-1695989
-1697270
-1706895
-1712608
-1718140
-1718474
-1725394
-1733674
-1737120
-1738097
-1744555
-1748778
-1751066
-1755548
-1763557
-1764133
-1766866
-1767827
-1768791
-1769926
-1773270
-1780011
-1784518
-1789125
-1798280
-1801431
-1809561
-1813869
-1815501
-1817629
-1823328
-1829796
-1839199
-1845512
-1847613
-1856350
-1865284
-1865544
-1867789
-1871049
-1871245
-1876591
-1884815
-1892544
-1892656
-1894042
-1899842
-1906797
-1912875
-1919955
-1927083
-1929385
-1933187
-1938014
-1946228
-1952131
-1952827
-1953878
-1954823
-1962478
-1965541
-1970836
-1976057
-1982616
-1985922
-1990401
-1991248
-1998710
-2004274
-2006278
-2014898
-2015336
-2024842
-2029738
-2039235
-2042725
-2050044
-2051239
-2058814
-2067661
-2071164
-2073223
-2074317
-2078016
-2082420
-2090681
-2092524
-2092759
-2095988
-2097875
-2100551
-2102282
-2102326
-2111368
-2117412
-2120351
-2127145
-2136330
-2142092
-2148652
-2156708
-2163988
-2171562
-2180498
-2181267
-2189085
-2192636
-2195296
-2196040
-2196722
-2203042
-2205867
-2212954
-2214001
-2219888
-2223719
-2227690
-2229326
-2230573
-2237217
-2244702
-2254013
-2261045
-2261594
-2268519
-2277558
-2283563
-2287901
-2294896
-2296245
-2303502
-2311318
-2314484
-2318762
-2328163
-2333132
-2342441
-2346318
-2352602
-2361511
-2367174
-2371508
-2371529
-2377041
-2386207
-2391707
-2392352
-2392645
-2401945
-2409882
-2415143
-2417933
-2422655
-2428414
-2432813
-2433529
-2435380
-2443499
-2445653
-2453970
-2456486
-2457509
-2465418
-2470909
-2471563
-2472779
-2474187
-2480672
-2482234
-2491347
-2494032
-2502596
-2504310
-2513116
-2522528
-2530124
-2533514
-2533653
-2542025
-2545537
-2553815
-2559921
-2569227
-2576760
-2578785
-2583415
-2592458
-2599324
-2604363
-2604907
-2605764
-2609302
-2616916
-2619757
-2623339
-2631564
-2634828
-2642288
-2650216
-2659165
-2667675
-2673413
-2681050
-2689596
-2691849
-2698680
-2703632
-2709248
-2711061
-2712589
-2720687
-2722437
-2722471
-2725403
-2733175
-2737237
-2740385
-2748246
-2757175
-2764519
-2773764
-2774146
-2783335
-2784806
-2789587
-2795220
-2804333
-2811673
-2817522
-2822554
-2824663
-2827895
-2829452
-2836466
-2839591
-2844070
-2848453
-2853506
-2854018
-2861396
-2864004
-2864069
-2870254
-2874937
-2879281
-2888589
-2896066
-2900418
-2905395
-2910913
-2917583
-2923023
-2924896
-2925600
-2934641
-2937074
-2939864
-2948169
-2956622
-2965183
-2971624
-2973016
-2975038
-2983695
-2984899
-2988875
-2993308
-2999688
-3005321
-3006160
-3007774
-3011847
-3017110
-3023165
-3025180
-3025826
-3028195
-3035741
-3036407
-3044012
-3046680
-3048155
-3053500
-3058962
-3060232
-3064244
-3073075
-3073555
-3081477
-3087107
-3088405
-3091390
-3092866
-3097102
-3102296
-3108993
-3109615
-3117660
-3121637
-3126030
-3134466
-3143718
-3150486
-3159658
-3168487
-3176786
-3183851
-3185273
-3194054
-3194668
-3196635
-3197410
-3203738
-3205605
-3206775
-3207875
-3215600
-3220058
-3228782
-3235652
-3239377
-3247022
-3255097
-3256372
-3263221
-3270135
-3273712
-3277154
-3284297
-3292438
-3294563
-3300479
-3302815
-3310698
-3318699
-3322049
-3326120
-3335082
-3337816
-3339924
-3347760
-3351720
-3358899
-3362126
-3367834
-3369257
-3374380
-3383043
-3389393
-3390621
-3398609
-3402097
-3410493
-3416279
-3425565
-3430982
-3438220
-3439198
-3440811
-3449361
-3454784
-3461007
-3465100
-3472027
-3475604
-3481095
-3485733
-3492846
-3496705
-3503843
-3505606
-3513015
-3521759
-3529381
-3533779
-3540283
-3543500
-3544841
-3549154
-3552227
-3560826
-3568120
-3571124
-3575889
-3577486
-3584661
-3589425
-3593059
-3595880
-3601639
-3604074
-3613061
-3620322
-3621329
-3622920
-3628436
-3632571
-3641648
-3644924
-3650974
-3658089
-3660624
-3669036
-3674045
-3679979
-3687032
-3691571
-3692810
-3694704
-3703037
-3710616
-3713858
-3719542
-3721161
-3727177
-3728954
-3734210
-3737836
-3742031
-3745087
-3749575
-3755997
-3758792
-3759658
-3762510
-3763440
-3765005
-3767384
-3774189
-3778986
-3779773
-3784938
-3790732
-3796297
-3798025
-3800899
-3807151
-3815419
-3824365
-3829449
-3835229
-3836519
-3837678
-3846323
-3851777
-3855720
-3858353
-3862651
-3868446
-3871445
-3879317
-3880712
-3889598
-3894018
-3901815
-3903137
-3905312
-3914266
-3915077
-3916592
-3918621
-3920434
-3929531
-3934221
-3938728
-3944666
-3952149
-3957003
-3960773
-3969712
-3973049
-3981106
-3982478
-3985331
-3991497
-3994420
-3996145
-3999962
-4007604
-4016699
-4020581
-4025518
-4029979
-4037739
-4040697
-4047222
-4052958
-4059426
-4067719
-4069109
-4073189
-4074372
-4074887
-4083020
-4086769
-4091253
-4100395
-4104075
-4108717
-4113478
-4122075
-4131140
-4138519
-4145382
-4149648
-4153970
-4154715
-4155864
-4160552
-4166298
-4168048
-4168998
-4172370
-4179650
-4187031
-4195893
-4203507
-4205691
-4213840
-4221652
-4227702
-4229753
-4230695
-4234161
-4241910
-4246450
-4251162
-4257831
-4262751
-4264886
-4271538
-4276294
-4284557
-4289049
-4291975
-4298836
-4300250
-4304804
-4305117
-4310708
-4316633
-4318885
-4324363
-4326866
-4335361
-4336547
-4336893
-4344872
-4345545
-4346115
-4350947
-4354546
-4362575
-4368940
-4369487
-4371782
-4375142
-4378631
-4386864
-4390159
-4393014
-4394414
-4401892
-4406941
-4414601
-4423017
-4429801
-4430832
-4430838
-4432179
-4439387
-4441970
-4445551
-4445630
-4451970
-4460430
-4467250
-4469118
-4476287
-4480075
-4484957
-4491572
-4497478
-4502597
-4511349
-4517494
-4523421
-4529686
-4536409
-4543680
-4544508
-4547035
-4553918
-4558368
-4565601
-4568533
-4568824
-4574526
-4580339
-4588830
-4590981
-4593673
-4599735
-4608533
-4615972
-4618290
-4618414
-4620938
-4628347
-4635460
-4636150
-4638463
-4643420
-4649452
-4655387
-4662099
-4669046
-4670032
-4673065
-4676373
-4676695
-4680612
-4686437
-4692369
-4695537
-4695610
-4698594
-4700253
-4701463
-4701660
-4706146
-4709200
-4713954
-4717476
-4722944
-4729102
-4731258
-4733648
-4738155
-4742800
-4746774
-4752946
-4759034
-4761428
-4761517
-4769330
-4772074
-4774457
-4782189
-4788562
-4794255
-4800403
-4807126
-4815896
-4819029
-4819163
-4822066
-4825343
-4832425
-4839825
-4843187
-4845412
-4847297
-4852149
-4854881
-4860456
-4860926
-4865496
-4871795
-4873044
-4879338
-4887923
-4891942
-4897563
-4898742
-4902056
-4908146
-4916400
-4918947
-4926832
-4933329
-4939497
-4939932
-4945840
-4951081
-4953431
-4960466
-4968758
-4973074
-4974753
-4983203
-4983241
-4990028
-4994672
-4996857
-4998454
-5005147
-5010228
-5016691
-5017720
-5019020
-5021233
-5029483
-5030162
-5033060
-5038504
-5039600
-5048104
-5053880
-5055433
-5063512
-5063787
-5069213
-5071324
-5077421
-5082382
-5084370
-5091020
-5096860
-5097532
-5099871
-5108481
-5113970
-5120882
-5128276
-5136237
-5144612
-5146861
-5152154
-5158047
-5162439
-5169526
-5174761
-5181645
-5189882
-5194721
-5195538
-5204089
-5204833
-5209536
-5210224
-5212046
-5215027
-5215491
-5217704
-5218577
-5221286
-5226710
-5227197
-5232628
-5236696
-5244211
-5253005
-5254786
-5258121
-5260507
-5266710
-5270475
-5272076
-5274916
-5278231
-5285269
-5286462
-5290292
-5292441
-5298571
-5303139
-5308268
-5312539
-5315781
-5316463
-5325339
-5329922
-5331758
-5332799
-5337143
-5340920
-5347500
-5349467
-5353400
-5362263
-5369826
-5376003
-5378643
-5383771
-5391197
-5395386
-5398692
-5402544
-5410248
-5414335
-5417393
-5417521
-5424998
-5427068
-5433506
-5442031
-5449128
-5454414
-5459817
-5461585
-5466259
-5470642
-5478618
-5483915
-5488752
-5496889
-5501532
-5502366
-5504850
-5509063
-5514819
-5519259
-5522224
-5526105
-5531528
-5539288
-5546420
-5547176
-5552054
-5555619
-5558319
-5567088
-5569403
-5572580
-5575564
-5576534
-5579412
-5579550
-5588065
-5595884
-5604141
-5609048
-5614469
-5618695
-5623725
-5624513
-5625561
-5631870
-5637127
-5644915
-5651293
-5658135
-5661551
-5670242
-5675258
-5683252
-5684890
-5689551
-5694524
-5700137
-5708781
-5716435
-5723881
-5726314
-5730096
-5738577
-5746610
-5754150
-5754614
-5758319
-5763990
-5765962
-5770705
-5773627
-5776123
-5778996
-5783731
-5791506
-5798368
-5807101
-5808234
-5811539
-5812183
-5814666
-5816220
-5824564
-5824869
-5825408
-5828500
-5836939
-5840829
-5843067
-5846885
-5851947
-5853587
-5855728
-5857139
-5864421
-5866267
-5867158
-5875688
-5884079
-5885938
-5890940
-5896377
-5897834
-5904584
-5907479
-5909532
-5911136
-5918537
-5924389
-5930064
-5936461
-5944184
-5950098
-5956637
-5960009
-5967787
-5971312
-5975000
-5979475
-5981347
-5984001
-5988140
-5994839
-6001291
-6002314
-6006839
-6011478
-6016822
-6022965
-6023164
-6028747
-6029909
-6031122
-6031539
-6033544
-6033951
-6038015
-6039282
-6043513
-6051395
-6054418
-6058544
-6059708
-6062597
-6070423
-6078368
-6082821
-6087770
-6093715
-6093956
-6100240
-6108317
-6114425
-6116140
-6121038
-6125698
-6133597
-6138717
-6141042
-6144206
-6151863
-6156709
-6159531
-6165882
-6167146
-6168778
-6173755
-6178876
-6179381
-6180627
-6188020
-6195810
-6198442
-6202650
-6203592
-6203824
-6205507
-6213195
-6219680
-6227654
-6230699
-6232836
-6238059
-6240720
-6240805
-6246141
-6248657
-6249600
-6255565
-6262111
-6267864
-6269281
-6269460
-6273652
-6274035
-6276179
-6284400
-6289298
-6291514
-6299282
-6306078
-6307258
-6312955
-6315731
-6316986
-6321429
-6323806
-6331364
-6336682
-6340194
-6342366
-6343232
-6351172
-6351271
-6354446
-6354482
-6361301
-6369816
-6373422
-6379210
-6382069
-6384560
-6391446
-6397589
-6401362
-6407206
-6410314
-6416683
-6423102
-6425276
-6428155
-6429911
-6435247
-6442304
-6443862
-6447965
-6451171
-6457449
-6458417
-6462044
-6467635
-6472145
-6475462
-6482644
-6486734
-6490621
-6492889
-6497183
-6498019
-6502812
-6509347
-6509989
-6510115
-6515965
-6517490
-6517750
-6520553
-6527167
-6528708
-6529195
-6532303
-6540897
-6546609
-6550397
-6556161
-6562153
-6568580
-6575175
-6577092
-6578966
-6587085
-6589495
-6596801
-6605039
-6611639
-6613570
-6619169
-6626629
-6628120
-6628281
-6635640
-6636088
-6640791
-6645371
-6647532
-6650600
-6652126
-6653440
-6656832
-6660202
-6663655
-6670765
-6677925
-6684303
-6686201
-6691581
-6695480
-6698381
-6701302
-6703095
-6706856
-6707747
-6712309
-6716770
-6720509
-6724808
-6732209
-6740634
-6741933
-6748726
-6754745
-6761796
-6765170
-6765522
-6771395
-6773378
-6775185
-6777189
-6784055
-6787183
-6789024
-6793728
-6797093
-6799287
-6799787
-6804152
-6810286
-6815034
-6818689
-6823919
-6831660
-6838028
-6842759
-6846626
-6851609
-6857485
-6860553
-6868554
-6875960
-6877096
-6878030
-6880531
-6885045
-6893020
-6896219
-6899630
-6903655
-6912008
-6918141
-6924265
-6931209
-6936210
-6940580
-6945389
-6948509
-6955279
-6962132
-6970253
-6974432
-6980117
-6980904
-6983061
-6984307
-6989484
-6991816
-6995202
-7001219
-7003306
-7007211
-7008255
-7011937
-7015440
-7018855
-7021534
-7029653
-7036902
-7044231
-7048732
-7054065
-7060900
-7061062
-7062490
-7064257
-7065908
-7071944
-7075873
-7081856
-7087555
-7092470
-7097498
-7098815
-7099429
-7102310
-7106699
-7109369
-7109646
-7116754
-7122165
-7128952
-7137123
-7141626
-7143805
-7143929
-7149647
-7152544
-7157041
-7160656
-7163357
-7166791
-7174642
-7175608
-7176139
-7184228
-7185052
-7187458
-7187634
-7188520
-7193378
-7198525
-7203165
-7204705
-7209601
-7211514
-7215399
-7217545
-7219283
-7221005
-7224676
-7225977
-7227342
-7229372
-7233055
-7238260
-7240110
-7248031
-7250226
-7255770
-7256100
-7262174
-7264860
-7267122
-7272817
-7280003
-7282178
-7287316
-7287374
-7287492
-7293473
-7298759
-7302703
-7310523
-7315470
-7319786
-7327583
-7333998
-7337252
-7338486
-7344022
-7348386
-7349060
-7349624
-7355945
-7363845
-7366145
-7369586
-7374051
-7375287
-7376561
-7381568
-7389746
-7395611
-7402442
-7406628
-7411530
-7415984
-7418017
-7423176
-7423984
-7429503
-7433622
-7440930
-7441683
-7443312
-7444132
-7451918
-7456925
-7458205
-7462745
-7463468
-7465715
-7470388
-7471658
-7479285
-7487486
-7492654
-7498536
-7506066
-7508747
-7516290
-7520606
-7526925
-7531390
-7532112
-7533942
-7537555
-7541193
-7546625
-7551630
-7553969
-7558664
-7561520
-7568451
-7575914
-7581747
-7588908
-7596856
-7599084
-7601943
-7606352
-7608621
-7611120
-7615297
-7619540
-7624062
-7627998
-7632064
-7635780
-7640368
-7646536
-7647256
-7655306
-7663242
-7668461
-7676394
-7684509
-7685749
-7693022
-7700635
-7708428
-7712517
-7716863
-7722319
-7724234
-7728263
-7732155
-7734237
-7740330
-7744738
-7748701
-7755631
-7761573
-7762830
-7763320
-7769643
-7773458
-7781209
-7786666
-7790812
-7792843
-7796145
-7804148
-7804213
-7809791
-7814198
-7814391
-7814708
-7820933
-7821617
-7827021
-7827388
-7828609
-7836074
-7843953
-7844142
-7846863
-7850231
-7851204
-7852383
-7853853
-7856489
-7864758
-7867412
-7872887
-7876467
-7879255
-7879663
-7883359
-7890380
-7896609
-7898450
-7899848
-7899916
-7901525
-7901945
-7903150
-7905439
-7905699
-7909231
-7914354
-7915304
-7915683
-7923909
-7931940
-7932047
-7938125
-7939320
-7942081
-7948471
-7951880
-7956397
-7958419
-7960656
-7963840
-7969926
-7970152
-7976885
-7977773
-7979205
-7982548
-7987882
-7990733
-7994865
-7998385
-8006073
-8006754
-8012656
-8019269
-8019488
-8023696
-8028122
-8033480
-8034185
-8035925
-8040954
-8047231
-8052384
-8056438
-8062215
-8069451
-8073842
-8078371
-8085718
-8089467
-8095027
-8095781
-8102810
-8103903
-8104175
-8104602
-8110705
-8111143
-8112048
-8115085
-8115091
-8116965
-8121512
-8125235
-8130847
-8133105
-8139576
-8143724
-8150321
-8157695
-8161988
-8165420
-8171547
-8174276
-8180974
-8182311
-8185461
-8191870
-8198433
-8198965
-8201396
-8207616
-8213261
-8219495
-8225386
-8231957
-8232665
-8235325
-8239171
-8242867
-8246068
-8249415
-8257116
-8260808
-8262669
-8268041
-8275653
-8276887
-8282188
-8287263
-8289326
-8291414
-8296284
-8304293
-8305308
-8309977
-8313339
-8315841
-8320744
-8321775
-8323314
-8330471
-8333825
-8334764
-8342102
-8348476
-8351668
-8352434
-8354582
-8362241
-8363060
-8370068
-8375821
-8378918
-8386557
-8389619
-8395640
-8396273
-8404335
-8412296
-8413256
-8416793
-8417096
-8421434
-8422679
-8429953
-8432343
-8434298
-8438440
-8441800
-8444050
-8450072
-8453898
-8459205
-8459837
-8466769
-8468491
-8472020
-8479395
-8486063
-8494087
-8494685
-8497363
-8502807
-8508641
-8511046
-8513377
-8517744
-8523408
-8526566
-8529126
-8533561
-8535233
-8536153
-8540034
-8540680
-8544382
-8551908
-8557455
-8560667
-8561965
-8566747
-8573508
-8577766
-8580546
-8583302
-8589372
-8596882
-8597264
-8600785
-8601633
-8603467
-8606580
-8607985
-8611325
-8616676
-8620995
-8627587
-8630635
-8633969
-8638193
-8639995
-8647607
-8649386
-8653150
-8660778
-8660827
-8662162
-8664936
-8670920
-8675330
-8681388
-8688462
-8693139
-8700985
-8708233
-8713244
-8716241
-8717466
-8722519
-8729176
-8730273
-8732796
-8737028
-8742275
-8744446
-8750821
-8753525
-8757405
-8762542
-8769804
-8772947
-8776635
-8783239
-8787126
-8787702
-8788106
-8793376
-8796713
-8803303
-8811097
-8818357
-8823348
-8824929
-8832849
-8837000
-8840318
-8843134
-8849819
-8856457
-8864359
-8868934
-8874510
-8876666
-8881362
-8882795
-8884875
-8887713
-8888715
-8893803
-8896569
-8904446
-8910186
-8917060
-8920611
-8927940
-8929060
-8933884
-8938975
-8946968
-8947978
-8954366
-8961316
-8963852
-8966541
-8972437
-8979350
-8984743
-8987679
-8988179
-8990649
-8993715
-8998663
-9003039
-9006126
-9007570
-9012711
-9013332
-9020953
-9022673
-9024558
-9031907
-9033731
-9036317
-9042446
-9045515
-9045979
-9050675
-9053009
-9059233
-9065267
-9072442
-9078076
-9086036
-9086203
-9088669
-9093332
-9099634
-9103620
-9110385
-9112795
-9117689
-9122695
-9128456
-9135452
-9135660
-9140698
-9146561
-9152939
-9159346
-9165161
-9171760
-9175212
-9180732
-9180783
-9186915
-9189883
-9193950
-9194981
-9200307
-9204481
-9205019
-9211984
-9219432
-9221583
-9225669
-9227566
-9233655
-9234257
-9237780
-9244718
-9244795
-9245921
-9248680
-9249188
-9253139
-9255182
-9260706
-9264727
-9271870
-9278055
-9282650
-9283669
-9286537
-9293720
-9295117
-9302169
-9304678
-9308096
-9313278
-9313737
-9314295
-9319360
-9322304
-9329686
-9333149
-9336887
-9339385
-9339399
-9341542
-9345700
-9346130
-9347356
-9352440
-9354495
-9361819
-9363756
-9367123
-9372168
-9375481
-9375564
-9375898
-9377643
-9381011
-9384150
-9389934
-9393206
-9399750
-9400998
-9405150
-9411384
-9413381
-9416273
-9420930
-9420963
-9427704
-9427903
-9434041
-9438575
-9441375
-9448446
-9455705
-9459641
-9464816
-9466931
-9468908
-9475251
-9478996
-9485292
-9486074
-9488088
-9491048
-9494853
-9498116
-9498282
-9500382
-9504931
-9510017
-9512558
-9518339
-9518904
-9519818
-9522934
-9522953
-9527801
-9532556
-9539371
-9540892
-9542663
-9546940
-9550543
-9556139
-9558546
-9565935
-9567916
-9575554
-9577068
-9580647
-9584754
-9587447
-9588268
-9594557
-9596175
-9597388
-9605076
-9606260
-9612551
-9614965
-9615400
-9622267
-9628801
-9633728
-9639138
-9644133
-9648658
-9652531
-9654997
-9660278
-9665314
-9666728
-9670624
-9673936
-9678586
-9679191
-9684832
-9689046
-9689911
-9697277
-9702689
-9707292
-9708902
-9710810
-9715481
-9715819
-9723351
-9729542
-9730811
-9731413
-9736189
-9743348
-9749371
-9753629
-9754660
-9757276
-9759776
-9766456
-9772961
-9776530
-9778076
-9784804
-9790946
-9795442
-9800273
-9804775
-9810391
-9816152
-9819351
-9820742
-9824832
-9830967
-9835823
-9838573
-9840481
-9840644
-9842741
-9847563
-9854928
-9857222
-9861205
-9867030
-9874668
-9879931
-9885938
-9892859
-9896181
-9900089
-9907674
-9914185
-9914306
-9919446
-9926194
-9928345
-9933574
-9934099
-9934501
-9935893
-9943265
-9947456
-9947742
-9955376
-9962192
-9967917
-9970689
-9975990
-9981154
-9985132
-9989780
-9992984
-9997294
-9997651
-10002845
-10005975
-10008046
-10012146
-10017917
-10020256
-10023042
-10028530
-10031240
-10035132
-10040326
-10045613
-10051670
-10058004
-10063145
-10066665
-10068989
-10072526
-10074001
-10075624
-10080065
-10081064
-10084378
-10088118
-10095512
-10096791
-10097806
-10101113
-10107932
-10112015
-10115481
-10116804
-10124355
-10130741
-10137422
-10138332
-10140728
-10141794
-10148906
-10151752
-10152978
-10160600
-10165682
-10171135
-10174934
-10176000
-10181498
-10188483
-10189110
-10189612
-10192830
-10197228
-10204834
-10210941
-10215739
-10222226
-10227072
-10227431
-10227903
-10231646
-10237366
-10238884
-10240516
-10246914
-10248819
-10251965
-10257422
-10262582
-10265202
-10269036
-10271485
-10272284
-10273013
-10273204
-10275616
-10279419
-10284780
-10288078
-10294496
-10299448
-10300208
-10306532
-10309359
-10310859
-10312806
-10320155
-10324535
-10329906
-10333814
-10338254
-10344098
-10347677
-10349556
-10354994
-10359469
-10361006
-10364352
-10367606
-10372327
-10372483
-10376374
-10382997
-10384447
-10387386
-10392583
-10395841
-10401436
-10408020
-10409827
-10414201
-10417465
-10418577
-10425669
-10432049
-10438901
-10440699
-10446738
-10449946
-10454866
-10461492
-10468708
-10469147
-10473398
-10478136
-10483269
-10487393
-10494097
-10497322
-10504622
-10505187
-10509266
-10515307
-10519807
-10522253
-10524795
-10530076
-10533151
-10533565
-10538455
-10543535
-10545989
-10546618
-10550874
-10551854
-10557502
-10560394
-10566804
-10567264
-10574135
-10578673
-10580333
-10585897
-10592696
-10595465
-10597907
-10600073
-10602565
-10605806
-10607175
-10613361
-10615592
-10622740
-10628711
-10630114
-10632663
-10634942
-10635510
-10635583
-10640513
-10642331
-10644009
-10646286
-10649005
-10655814
-10659872
-10665488
-10667273
-10667450
-10671700
-10672427
-10674715
-10679134
-10684973
-10685960
-10687479
-10690698
-10694838
-10695833
-10698648
-10704580
-10710758
-10711947
-10713547
-10718578
-10726090
-10728123
-10730191
-10733375
-10737642
-10739990
-10745051
-10748839
-10756113
-10762861
-10763384
-10766321
-10772846
-10777253
-10781288
-10782574
-10783394
-10786320
-10787713
-10788948
-10788995
-10791369
-10795785
-10801814
-10802112
-10802385
-10804750
-10809687
-10813009
-10813337
-10820271
-10820335
-10823868
-10826460
-10832014
-10837825
-10844086
-10848735
-10853155
-10858907
-10859468
-10862435
-10862534
-10865311
-10868805
-10875055
-10880122
-10880153
-10885107
-10885497
-10885986
-10890375
-10891236
-10897963
-10898612
-10899540
-10900203
-10904645
-10912079
-10916689
-10920315
-10926214
-10932530
-10933325
-10933348
-10938846
-10942980
-10945562
-10952532
-10954222
-10954745
-10960157
-10965315
-10971555
-10972041
-10973688
-10979036
-10982982
-10986284
-10988582
-10991515
-10996894
-11003025
-11004768
-11005512
-11008326
-11014147
-11019533
-11020582
-11023639
-11025102
-11028534
-11031012
-11033284
-11034085
-11039456
-11046576
-11048441
-11052115
-11055221
-11061251
-11065203
-11068002
-11068028
-11070310
-11077247
-11080025
-11080109
-11086318
-11093660
-11100331
-11107391
-11111195
-11118014
-11121164
-11124403
-11129856
-11133433
-11139177
-11143666
-11144027
-11144466
-11145412
-11150132
-11150962
-11157886
-11159161
-11163709
-11164090
-11165160
-11165412
-11172233
-11175371
-11178396
-11181140
-11181812
-11188009
-11190781
-11194816
-11201960
-11204389
-11206253
-11210357
-11214569
-11220926
-11221491
-11221618
-11224369
-11230720
-11233063
-11238744
-11239204
-11244560
-11245284
-11246042
-11251772
-11252687
-11256550
-11259670
-11262479
-11268897
-11270185
-11275455
-11281147
-11287949
-11288855
-11290255
-11297573
-11298892
-11301071
-11304835
-11308850
-11310084
-11312514
-11313241
-11315460
-11320012
-11327134
-11331107
-11336947
-11340727
-11347121
-11348626
-11349860
-11353211
-11355247
-11358592
-11365661
-11367060
-11374338
-11376988
-11383643
-11389548
-11391947
-11399101
-11403657
-11406722
-11411133
-11411840
-11417892
-11421392
-11427984
-11430824
-11433348
-11437608
-11444000
-11449371
-11453838
-11454741
-11458553
-11463252
-11468280
-11468567
-11469929
-11472001
-11479278
-11485621
-11488061
-11490891
-11492939
-11494863
-11495882
-11501624
-11502934
-11508735
-11511793
-11515148
-11516197
-11518788
-11523356
-11523448
-11528602
-11529755
-11534579
-11539033
-11541443
-11545156
-11547264
-11552807
-11555346
-11557725
-11562561
-11567229
-11567720
-11573054
-11576407
-11580528
-11586891
-11592201
-11596287
-11598976
-11599235
-11604658
-11608221
-11613303
-11616828
-11623650
-11629176
-11630315
-11634575
-11639321
-11643577
-11646326
-11651507
-11655569
-11661102
-11665532
-11666155
-11669064
-11670315
-11671870
-11678881
-11681164
-11682383
-11688278
-11691244
-11691728
-11698934
-11701939
-11706832
-11708553
-11715670
-11722425
-11726313
-11731930
-11738034
-11738841
-11741364
-11747389
-11751532
-11758235
-11760453
-11761365
-11763144
-11764324
-11771050
-11771909
-11774626
-11775333
-11776670
-11777102
-11777498
-11784485
-11791029
-11796123
-11796862
-11800312
-11803604
-11803875
-11804318
-11807555
-11809122
-11809870
-11812124
-11815813
-11818395
-11825167
-11825734
-11831540
-11832438
-11835149
-11835561
-11835745
-11836817
-11837350
-11840212
-11844756
-11845792
-11852595
-11859479
-11862550
-11866422
-11872372
-11875450
-11875783
-11881466
-11881770
-11886542
-11891200
-11897196
-11902094
-11902459
-11902940
-11906426
-11906641
-11913155
-11918261
-11919589
-11925193
-11931960
-11933198
-11939252
-11944158
-11946768
-11949778
-11950825
-11953621
-11954120
-11955375
-11959875
-11959963
-11965421
-11967006
-11971608
-11971894
-11976016
-11979068
-11982585
-11986463
-11987610
-11993715
-12000118
-12004594
-12006054
-12011356
-12013570
-12015803
-12019431
-12025290
-12030448
-12036496
-12040956
-12046518
-12047759
-12051041
-12055624
-12055824
-12061378
-12068321
-12073346
-12077864
-12083690
-12084767
-12085523
-12087343
-12087950
-12093137
-12098465
-12103392
-12106428
-12108063
-12108530
-12113031
-12117796
-12118071
-12123239
-12126117
-12126584
-12129060
-12133027
-12134201
-12138245
-12138903
-12140922
-12143074
-12150085
-12151970
-12155332
-12155933
-12158820
-12161818
-12166060
-12170604
-12176138
-12182408
-12184193
-12185414
-12185907
-12187225
-12188942
-12193689
-12196739
-12199849
-12206298
-12210317
-12212664
-12219366
-12220928
-12227573
-12232725
-12236994
-12241724
-12246949
-12249101
-12250783
-12251125
-12255139
-12259453
-12260159
-12264123
-12268386
-12270357
-12273355
-12274305
-12277722
-12280525
-12281462
-12285772
-12285995
-12290742
-12294319
-12298886
-12299140
-12302065
-12305224
-12305741
-12309559
-12311937
-12312135
-12316843
-12322485
-12329409
-12330584
-12335175
-12337404
-12340694
-12343451
-12347240
-12349391
-12354809
-12356333
-12362898
-12364002
-12364886
-12367777
-12374197
-12377537
-12378004
-12383532
-12387319
-12391374
-12394405
-12401062
-12402551
-12409517
-12415877
-12416424
-12422552
-12423329
-12425755
-12427252
-12433293
-12433323
-12437777
-12439677
-12443228
-12447230
-12448127
-12448301
-12448980
-12451751
-12458162
-12464792
-12465509
-12469249
-12476047
-12478816
-12485097
-12485281
-12489249
-12494051
-12494698
-12499291
-12505886
-12509703
-12512185
-12518280
-12520803
-12527729
-12530697
-12534449
-12535989
-12537334
-12539911
-12541980
-12548235
-12553367
-12559495
-12560077
-12561404
-12562114
-12567186
-12568101
-12568739
-12570503
-12570877
-12574307
-12574841
-12575504
-12578277
-12578295
-12583002
-12588925
-12589953
-12593783
-12597541
-12600236
-12605806
-12611593
-12615533
-12619501
-12625905
-12626157
-12629160
-12632280
-12633236
-12639184
-12643029
-12648148
-12650675
-12654026
-12660246
-12665851
-12669126
-12673787
-12680176
-12686381
-12686667
-12689418
-12694180
-12695541
-12699373
-12701564
-12707291
-12709758
-12715375
-12721709
-12727592
-12728847
-12735708
-12737410
-12737970
-12738647
-12738712
-12741335
-12743127
-12748809
-12754297
-12757516
-12761218
-12766034
-12770037
-12771183
-12776239
-12779814
-12781286
-12783105
-12789481
-12793047
-12797714
-12803372
-12808749
-12815636
-12820994
-12825537
-12831753
-12834613
-12836810
-12841941
-12842842
-12847709
-12854188
-12857767
-12863631
-12867554
-12873626
-12879538
-12882918
-12888279
-12891388
-12894501
-12896248
-12899521
-12901557
-12908307
-12913459
-12914734
-12915356
-12921792
-12923230
-12926157
-12928642
-12930619
-12935170
-12939478
-12942079
-12945364
-12949057
-12953536
-12959832
-12964543
-12965876
-12968111
-12969424
-12969876
-12973996
-12978462
-12981799
-12984452
-12987262
-12993416
-12996208
-12999392
-13006160
-13009798
-13011221
-13016071
-13022877
-13025358
-13032127
-13033721
-13035012
-13038075
-13041864
-13048577
-13054796
-13061388
-13066525
-13073334
-13079984
-13079985
-13083371
-13084034
-13088927
-13092914
-13094364
-13095225
-13099294
-13103426
-13104407
-13109235
-13111906
-13113173
-13119881
-13120840
-13122757
-13129488
-13131517
-13133845
-13138738
-13140811
-13143756
-13146953
-13150941
-13153945
-13156559
-13161351
-13164479
-13169973
-13174069
-13176508
-13177295
-13183942
-13186216
-13191553
-13197125
-13198600
-13202899
-13208932
-13208949
-13210268
-13210668
-13216624
-13217777
-13221083
-13222946
-13225526
-13230781
-13236654
-13240031
-13242235
-13245634
-13246983
-13253632
-13255774
-13258568
-13261609
-13261875
-13266393
-13269716
-13273541
-13278525
-13282148
-13288375
-13293744
-13294512
-13298104
-13300235
-13300939
-13301708
-13306458
-13308115
-13313827
-13314494
-13320756
-13324955
-13330837
-13332623
-13336265
-13336665
-13340811
-13341163
-13347235
-13350336
-13352904
-13354355
-13359233
-13359868
-13360662
-13360855
-13363821
-13369257
-13369715
-13373083
-13373140
-13379676
-13380839
-13381232
-13387304
-13393593
-13397496
-13399313
-13401726
-13402985
-13407350
-13410140
-13412396
-13414483
-13419182
-13421254
-13424693
-13429494
-13431999
-13438332
-13441920
-13448486
-13449432
-13451103
-13457300
-13463142
-13466077
-13471254
-13471678
-13472593
-13473150
-13474747
-13478652
-13484793
-13487349
-13491603
-13496415
-13500537
-13503548
-13507728
-13514228
-13518527
-13524559
-13528212
-13533541
-13535929
-13542626
-13546522
-13546655
-13550208
-13553061
-13557072
-13562117
-13564757
-13566164
-13566776
-13570467
-13575625
-13581462
-13584362
-13586942
-13592316
-13593390
-13598207
-13601764
-13602002
-13608603
-13608840
-13611469
-13611999
-13614541
-13617400
-13621868
-13623093
-13624905
-13627648
-13631210
-13634461
-13639932
-13643968
-13650243
-13653128
-13657038
-13660112
-13664955
-13669028
-13671000
-13677379
-13678235
-13679271
-13684387
-13688578
-13691137
-13696369
-13698609
-13705081
-13708644
-13714036
-13717041
-13718028
-13721569
-13722042
-13728118
-13729788
-13731307
-13737008
-13742200
-13748340
-13749704
-13753853
-13757807
-13760105
-13764177
-13765861
-13769803
-13773076
-13776016
-13781887
-13785208
-13788301
-13794715
-13801048
-13806086
-13810313
-13815093
-13816442
-13820702
-13824318
-13824803
-13826188
-13829753
-13834292
-13837178
-13837947
-13840396
-13840862
-13844781
-13845766
-13847589
-13850072
-13852824
-13858729
-13861227
-13863399
-13867293
-13870705
-13873796
-13878214
-13878482
-13879263
-13880775
-13883202
-13886355
-13892759
-13897668
-13898498
-13901062
-13904726
-13908066
-13910938
-13915217
-13917741
-13918630
-13921296
-13924015
-13927084
-13929430
-13935708
-13937899
-13941564
-13945904
-13950603
-13955331
-13960336
-13964941
-13967733
-13973297
-13977870
-13983649
-13986601
-13987964
-13991450
-13991847
-13994948
-13997594
-14003560
-14006666
-14012227
-14016115
-14020649
-14023913
-14029985
-14034801
-14037283
-14039539
-14045753
-14050281
-14054464
-14055456
-14058545
-14062415
-14064522
-14070865
-14073593
-14075379
-14078201
-14078900
-14083889
-14088448
-14093239
-14098114
-14101285
-14103513
-14109855
-14112597
-14118234
-14121699
-14123629
-14125995
-14126430
-14128342
-14130109
-14132474
-14137038
-14138243
-14138346
-14144163
-14146659
-14150949
-14157423
-14160095
-14164751
-14165150
-14168871
-14171886
-14175184
-14175379
-14180035
-14182979
-14188389
-14192286
-14198344
-14203091
-14204114
-14210172
-14216095
-14220330
-14224502
-14228362
-14231473
-14234988
-14236471
-14236561
-14240955
-14244662
-14247902
-14253344
-14256290
-14257644
-14260834
-14264715
-14267510
-14273328
-14275791
-14276361
-14279301
-14284791
-14289254
-14294862
-14297763
-14303601
-14307724
-14310891
-14317115
-14319217
-14319552
-14322864
-14328421
-14329821
-14335164
-14335971
-14336334
-14337329
-14337781
-14343035
-14349041
-14350406
-14352364
-14355753
-14361406
-14362990
-14368978
-14369458
-14371369
-14375381
-14375631
-14380526
-14385596
-14389716
-14393071
-14397133
-14403425
-14405216
-14406545
-14406641
-14412192
-14416106
-14417395
-14421773
-14428172
-14433251
-14439365
-14439807
-14441498
-14445478
-14446614
-14451480
-14452854
-14454868
-14455620
-14457983
-14460812
-14465022
-14468592
-14469397
-14473374
-14477415
-14479507
-14480882
-14486275
-14492174
-14498436
-14499762
-14505536
-14510582
-14515567
-14521454
-14524476
-14530171
-14534087
-14538589
-14542266
-14548038
-14548872
-14550747
-14551773
-14556655
-14557663
-14562900
-14568841
-14571791
-14572252
-14572771
-14577320
-14578197
-14583811
-14588688
-14592506
-14595385
-14595499
-14600190
-14600612
-14601581
-14607390
-14609304
-14615118
-14615597
-14616899
-14622784
-14624848
-14630019
-14635095
-14636569
-14638681
-14644036
-14644390
-14647476
-14647818
-14649853
-14655719
-14661171
-14663611
-14664867
-14667712
-14671502
-14675971
-14681730
-14686610
-14688014
-14688344
-14693279
-14693583
-14696352
-14700629
-14702875
-14703624
-14706210
-14712518
-14715521
-14721304
-14722804
-14723008
-14727578
-14733498
-14739400
-14744899
-14745615
-14751079
-14752622
-14753298
-14754820
-14756737
-14760631
-14764733
-14767834
-14772032
-14773258
-14774733
-14776559
-14777722
-14780609
-14783641
-14786632
-14789832
-14792508
-14794469
-14799819
-14803417
-14808473
-14810891
-14814607
-14816797
-14820377
-14826418
-14832435
-14837378
-14837922
-14843222
-14843602
-14847281
-14852542
-14856496
-14858816
-14864514
-14869467
-14872750
-14875525
-14877743
-14878436
-14882788
-14884021
-14887099
-14890410
-14894221
-14898031
-14898369
-14903850
-14908619
-14913133
-14918292
-14923967
-14927806
-14928970
-14929976
-14934954
-14937665
-14938985
-14939006
-14943314
-14944786
-14946388
-14950723
-14954663
-14960872
-14965435
-14965790
-14965911
-14969885
-14972911
-14972980
-14979178
-14983492
-14984520
-14985470
-14985896
-14991257
-14996815
-15002562
-15007988
-15014177
-15016877
-15021142
-15026535
-15029021
-15032240
-15036301
-15039678
-15040384
-15044616
-15047223
-15051817
-15054940
-15059882
-15060126
-15060198
-15060303
-15060304
-15062716
-15064535
-15066849
-15067333
-15070763
-15070828
-15075250
-15080710
-15086150
-15090051
-15090788
-15092245
-15092356
-15093121
-15093956
-15099976
-15100183
-15105613
-15105680
-15111832
-15117399
-15120405
-15124867
-15127761
-15129068
-15131563
-15135977
-15139307
-15144094
-15145699
-15148282
-15151220
-15155062
-15156859
-15157372
-15160464
-15161226
-15167264
-15171999
-15178161
-15179224
-15181360
-15184285
-15188528
-15193263
-15194962
-15197430
-15199650
-15201171
-15201748
-15204458
-15205116
-15211214
-15214060
-15214942
-15218149
-15219129
-15219476
-15222878
-15228471
-15232960
-15239057
-15240382
-15241547
-15242366
-15247444
-15251986
-15255261
-15258018
-15259001
-15262887
-15268205
-15274175
-15274217
-15275136
-15280719
-15281660
-15282022
-15285049
-15288425
-15294135
-15299445
-15302951
-15306895
-15307497
-15308937
-15309314
-15311919
-15312831
-15318606
-15319625
-15325122
-15325975
-15328630
-15331318
-15336405
-15338063
-15343327
-15345613
-15351121
-15356036
-15358386
-15361879
-15363744
-15364890
-15367720
-15373561
-15376411
-15378071
-15379750
-15382762
-15382864
-15383090
-15385382
-15387987
-15391136
-15396764
-15402006
-15402918
-15403243
-15403778
-15406267
-15411796
-15417838
-15421020
-15421260
-15426269
-15427609
-15433260
-15437572
-15442747
-15448690
-15450117
-15451348
-15454869
-15455329
-15459259
-15460700
-15464551
-15465000
-15468241
-15471271
-15474952
-15478867
-15483681
-15485344
-15491109
-15496894
-15498680
-15501358
-15504089
-15507697
-15509373
-15510695
-15513616
-15514944
-15519598
-15524539
-15527072
-15531068
-15535809
-15537326
-15539259
-15545106
-15549134
-15550737
-15555409
-15556012
-15556145
-15562115
-15567185
-15572945
-15576580
-15579910
-15584307
-15588705
-15593732
-15597056
-15600657
-15601391
-15607402
-15610361
-15610663
-15611543
-15611706
-15616792
-15619153
-15622974
-15628160
-15632440
-15637675
-15643328
-15643871
-15649414
-15653770
-15654916
-15660231
-15661683
-15665948
-15667776
-15668768
-15674141
-15679102
-15681400
-15684674
-15688845
-15691077
-15691620
-15692839
-15697037
-15703041
-15703494
-15703530
-15704919
-15708508
-15710235
-15715912
-15720816
-15722931
-15728694
-15729152
-15734598
-15735457
-15738807
-15739163
-15739871
-15742480
-15743968
-15745162
-15749675
-15753706
-15756665
-15758070
-15758326
-15758742
-15761876
-15763569
-15764783
-15770617
-15774863
-15779936
-15785710
-15787952
-15793815
-15796229
-15796441
-15799354
-15800367
-15804916
-15808962
-15809639
-15813315
-15813511
-15815733
-15820158
-15825668
-15830075
-15835293
-15841115
-15847032
-15847358
-15852732
-15857993
-15863313
-15867029
-15868263
-15869319
-15872843
-15877833
-15881174
-15882460
-15887415
-15887493
-15890487
-15894322
-15900090
-15902483
-15904141
-15906018
-15911812
-15913816
-15914560
-15916282
-15920638
-15924740
-15927526
-15930704
-15933839
-15934177
-15934812
-15935798
-15937705
-15940267
-15940657
-15942970
-15947834
-15950534
-15953035
-15958293
-15959662
-15962299
-15964941
-15968917
-15974412
-15977031
-15982724
-15985507
-15989471
-15993150
-15996774
-15997655
-15997717
-16002306
-16006366
-16008199
-16012599
-16016671
-16019332
-16024384
-16029997
-16030586
-16033436
-16036033
-16041708
-16042993
-16043006
-16043426
-16046227
-16047779
-16051079
-16055631
-16059568
-16064984
-16069056
-16071887
-16076665
-16077097
-16078044
-16083604
-16086007
-16088847
-16092045
-16093620
-16096512
-16098830
-16103428
-16108757
-16110568
-16115391
-16117457
-16119816
-16122148
-16122615
-16124701
-16126430
-16126521
-16127745
-16130774
-16134104
-16135096
-16139953
-16144113
-16149441
-16154893
-16156684
-16157762
-16160807
-16164928
-16168821
-16168861
-16171649
-16172047
-16176315
-16178087
-16178685
-16183249
-16187263
-16188890
-16193275
-16195845
-16200308
-16203959
-16207706
-16208692
-16210397
-16212153
-16212398
-16216848
-16222198
-16222619
-16227281
-16229037
-16230047
-16235695
-16237543
-16239676
-16241326
-16245861
-16251338
-16254128
-16257727
-16260268
-16262224
-16265829
-16269264
-16269426
-16271522
-16276478
-16281359
-16286253
-16286528
-16291584
-16293847
-16295977
-16296882
-16299007
-16300096
-16304529
-16307297
-16308009
-16308317
-16309299
-16313711
-16314001
-16317398
-16318354
-16322148
-16324680
-16326395
-16329548
-16330941
-16335965
-16340698
-16340768
-16343114
-16348474
-16349100
-16352923
-16355758
-16360360
-16361283
-16364093
-16366825
-16369660
-16371325
-16371740
-16376947
-16378681
-16380887
-16383725
-16384539
-16388295
-16391873
-16393285
-16397408
-16400340
-16401070
-16405847
-16406426
-16406992
-16410131
-16412343
-16416163
-16420224
-16421203
-16423796
-16426188
-16430118
-16432988
-16434439
-16435960
-16441078
-16444582
-16448283
-16449475
-16452831
-16456162
-16460969
-16465148
-16467116
-16468017
-16472159
-16475725
-16477277
-16478733
-16481335
-16486228
-16489172
-16492061
-16492954
-16495477
-16496849
-16497889
-16501609
-16504435
-16507979
-16509639
-16512789
-16515673
-16520679
-16526151
-16527497
-16532375
-16534150
-16535029
-16540475
-16543338
-16547248
-16550531
-16551425
-16553462
-16558255
-16559419
-16563413
-16565412
-16565905
-16571217
-16572169
-16576297
-16578125
-16579556
-16583189
-16586607
-16589526
-16591120
-16596479
-16599646
-16601009
-16604018
-16608525
-16610300
-16615653
-16616676
-16617798
-16621727
-16624111
-16628858
-16629468
-16633254
-16638564
-16643336
-16648536
-16653321
-16655231
-16655680
-16659556
-16661312
-16665425
-16670368
-16674681
-16677660
-16678825
-16682796
-16687474
-16687913
-16688092
-16689897
-16695084
-16696226
-16699233
-16700297
-16701256
-16704501
-16707390
-16707638
-16707723
-16713026
-16714272
-16714598
-16718030
-16720155
-16721813
-16722948
-16727013
-16731493
-16732347
-16737118
-16741475
-16745433
-16746581
-16749261
-16751854
-16752112
-16753068
-16754310
-16755690
-16757658
-16761813
-16765496
-16769759
-16772683
-16775090
-16779303
-16782010
-16785017
-16787343
-16789291
-16789350
-16793828
-16796906
-16802402
-16807023
-16810766
-16812920
-16813231
-16817053
-16819906
-16821419
-16826784
-16831092
-16836059
-16838474
-16838498
-16842832
-16846390
-16847737
-16852302
-16854514
-16859636
-16861255
-16865704
-16870454
-16874626
-16879735
-16883674
-16886418
-16890312
-16893547
-16895824
-16897466
-16898764
-16901610
-16905169
-16910632
-16911078
-16913877
-16918498
-16923373
-16928827
-16929590
-16934149
-16934453
-16939813
-16941923
-16943680
-16944068
-16946778
-16947390
-16950323
-16951171
-16955186
-16959268
-16962532
-16964373
-16968249
-16968395
-16970387
-16975866
-16979883
-16980098
-16981083
-16983740
-16984617
-16987200
-16991123
-16994247
-16999495
-17002415
-17005660
-17009632
-17012762
-17014330
-17019076
-17019265
-17020620
-17025489
-17029586
-17031783
-17035097
-17038329
-17041645
-17045681
-17048742
-17051921
-17053723
-17054982
-17056756
-17057194
-17058234
-17061352
-17066125
-17070237
-17073204
-17078005
-17083529
-17084606
-17085680
-17089000
-17091558
-17093718
-17094189
-17099450
-17102734
-17108150
-17111239
-17112660
-17113643
-17115551
-17120560
-17124350
-17126409
-17127397
-17129941
-17134962
-17138257
-17142900
-17146214
-17150766
-17155202
-17160711
-17163365
-17166296
-17171293
-17174449
-17176151
-17177069
-17177635
-17180262
-17180412
-17184033
-17184133
-17184240
-17188379
-17192755
-17193472
-17197341
-17198745
-17202417
-17205990
-17210059
-17215535
-17215725
-17220685
-17221644
-17221823
-17226346
-17227561
-17229971
-17234916
-17239876
-17244641
-17245592
-17248680
-17250010
-17252695
-17255731
-17258825
-17264035
-17265720
-17269110
-17271543
-17274515
-17276314
-17280853
-17282984
-17284490
-17289664
-17292814
-17297098
-17300466
-17303420
-17305287
-17307717
-17307940
-17308433
-17313165
-17316535
-17317010
-17318282
-17318587
-17323720
-17325126
-17326469
-17331270
-17331959
-17332467
-17333068
-17336053
-17336516
-17336893
-17338834
-17339467
-17343846
-17348708
-17350763
-17351369
-17352323
-17354101
-17354803
-17359869
-17363982
-17364300
-17366220
-17370948
-17374839
-17377772
-17380002
-17381670
-17386113
-17389998
-17391375
-17394026
-17394361
-17397038
-17397201
-17401246
-17404024
-17405985
-17409539
-17413609
-17414200
-17416010
-17420907
-17425166
-17426656
-17427680
-17429219
-17434513
-17434663
-17436201
-17441243
-17446049
-17450928
-17454813
-17457761
-17459631
-17463856
-17466607
-17466707
-17468634
-17470746
-17474045
-17474625
-17477381
-17482288
-17485735
-17489005
-17491272
-17495321
-17497546
-17502474
-17502546
-17507347
-17510928
-17511457
-17512641
-17514143
-17515478
-17518364
-17519283
-17522677
-17525626
-17526386
-17528227
-17533297
-17535314
-17537446
-17542503
-17547604
-17550396
-17553377
-17553760
-17559049
-17560723
-17563722
-17567003
-17569697
-17571324
-17575515
-17579087
-17584394
-17584944
-17587638
-17588964
-17590798
-17590983
-17592504
-17593750
-17598071
-17600986
-17604978
-17607940
-17608396
-17609876
-17609951
-17610289
-17612792
-17616709
-17618562
-17619778
-17620127
-17625056
-17629925
-17633378
-17634389
-17634493
-17634943
-17636985
-17641181
-17642450
-17644197
-17647252
-17651338
-17652617
-17654197
-17658985
-17662359
-17665941
-17670485
-17672714
-17674939
-17680178
-17682927
-17684526
-17686050
-17687698
-17692696
-17694788
-17695570
-17698736
-17703483
-17707032
-17711006
-17716077
-17720153
-17720874
-17724432
-17725992
-17729929
-17732469
-17735883
-17736109
-17739943
-17743557
-17746282
-17747139
-17750021
-17751462
-17753464
-17756685
-17761205
-17765363
-17766441
-17767029
-17770511
-17772812
-17775961
-17778277
-17778833
-17778998
-17779230
-17780776
-17783559
-17787671
-17789566
-17791097
-17795468
-17798782
-17801079
-17803877
-17804307
-17807581
-17810111
-17814840
-17817772
-17819157
-17819724
-17820045
-17823767
-17828827
-17829735
-17832722
-17836462
-17837953
-17838124
-17840493
-17845682
-17846210
-17850965
-17851947
-17855754
-17859234
-17860673
-17861882
-17867099
-17869309
-17870032
-17872036
-17872580
-17877528
-17882051
-17885801
-17889606
-17890001
-17892240
-17895483
-17900050
-17902948
-17906844
-17911393
-17915614
-17918833
-17922347
-17924584
-17929819
-17932488
-17933882
-17935075
-17939280
-17941406
-17946274
-17946792
-17951814
-17952274
-17955414
-17955949
-17960272
-17963649
-17968632
-17971342
-17974899
-17979576
-17981749
-17982831
-17983621
-17986302
-17990512
-17991650
-17995811
-17995814
-17998330
-18002501
-18004847
-18005108
-18008304
-18010570
-18011062
-18012691
-18016663
-18020264
-18025339
-18027212
-18028167
-18029441
-18030200
-18030384
-18030786
-18033872
-18034990
-18040071
-18045085
-18048924
-18053976
-18057726
-18058643
-18062760
-18066500
-18069707
-18074660
-18079053
-18082768
-18082878
-18083227
-18087580
-18092016
-18095141
-18097121
-18098679
-18099802
-18104493
-18106500
-18111234
-18113018
-18118078
-18122617
-18124269
-18124526
-18127455
-18130301
-18132921
-18137740
-18139850
-18142370
-18142487
-18145301
-18147255
-18151728
-18154536
-18158445
-18159595
-18164252
-18166160
-18168449
-18170552
-18171799
-18172122
-18176740
-18181575
-18185024
-18187488
-18192632
-18195592
-18197298
-18197489
-18199593
-18200050
-18200688
-18201785
-18202880
-18203119
-18205285
-18208802
-18213745
-18215400
-18216193
-18221051
-18225300
-18230304
-18232397
-18233539
-18237513
-18238690
-18242303
-18244134
-18244674
-18249520
-18253663
-18255156
-18256825
-18258172
-18258298
-18262710
-18262900
-18264370
-18267630
-18268391
-18272074
-18275579
-18278526
-18281308
-18282413
-18287189
-18292067
-18292310
-18293591
-18297287
-18297472
-18299202
-18299733
-18304730
-18309660
-18313616
-18314650
-18315449
-18317832
-18322780
-18326214
-18328330
-18328567
-18332965
-18337216
-18339746
-18340073
-18343801
-18344574
-18345050
-18347812
-18348449
-18353355
-18355444
-18359403
-18361572
-18361647
-18365454
-18368552
-18371668
-18374329
-18376098
-18381099
-18381545
-18384039
-18386904
-18389814
-18393124
-18394799
-18397926
-18401344
-18404123
-18405825
-18406884
-18411827
-18415749
-18417300
-18422261
-18427079
-18432102
-18432307
-18436921
-18440456
-18442055
-18442761
-18443416
-18444688
-18447310
-18449243
-18452675
-18455814
-18460678
-18462860
-18463870
-18464027
-18465691
-18465849
-18469971
-18473273
-18478108
-18479157
-18481786
-18484817
-18486849
-18489408
-18492169
-18493081
-18495007
-18498201
-18498730
-18499189
-18503335
-18507268
-18510475
-18512090
-18514779
-18516092
-18518509
-18518599
-18520607
-18525403
-18527241
-18527718
-18528422
-18532613
-18536716
-18541267
-18545008
-18549518
-18550667
-18552430
-18556471
-18560014
-18564611
-18569422
-18569595
-18573825
-18574384
-18576887
-18579810
-18580881
-18585046
-18586601
-18590999
-18595516
-18598513
-18599725
-18604255
-18606621
-18608237
-18608636
-18609213
-18612575
-18616858
-18617971
-18621259
-18623277
-18624093
-18626644
-18630510
-18631152
-18634781
-18634858
-18637191
-18642123
-18643267
-18644053
-18644732
-18648360
-18649849
-18650057
-18651053
-18653631
-18654683
-18658775
-18662455
-18663411
-18664826
-18665736
-18666751
-18667771
-18670251
-18670850
-18673574
-18673667
-18676750
-18678680
-18681919
-18685538
-18689044
-18691828
-18695158
-18700071
-18702731
-18704769
-18708533
-18713015
-18714121
-18716498
-18719824
-18722233
-18724908
-18726900
-18727411
-18730762
-18734894
-18738689
-18741298
-18743708
-18745109
-18745893
-18746966
-18750642
-18754457
-18754914
-18755628
-18760370
-18762355
-18764303
-18765095
-18766132
-18768087
-18770455
-18775192
-18776806
-18778520
-18779324
-18783307
-18783443
-18785615
-18788944
-18789942
-18794235
-18796045
-18798151
-18798201
-18800432
-18803356
-18808158
-18809024
-18810856
-18812543
-18815262
-18817773
-18819511
-18819919
-18823380
-18827621
-18832268
-18835896
-18837722
-18839979
-18844574
-18845166
-18849761
-18853563
-18856213
-18859545
-18859689
-18862487
-18862595
-18866944
-18869325
-18871041
-18874379
-18878531
-18880557
-18881658
-18883257
-18887413
-18889085
-18892236
-18896992
-18897376
-18898698
-18903529
-18905251
-18907661
-18908101
-18911094
-18913065
-18916471
-18916657
-18921023
-18921090
-18925674
-18930222
-18933884
-18935565
-18940374
-18942889
-18946753
-18950028
-18952462
-18956623
-18961350
-18965740
-18968234
-18968402
-18971047
-18972702
-18975432
-18979924
-18981645
-18983614
-18986680
-18989110
-18990075
-18993573
-18995278
-18999531
-19000142
-19001443
-19004039
-19004159
-19007320
-19011673
-19013837
-19018507
-19022209
-19024715
-19029064
-19031952
-19034835
-19039303
-19042910
-19044832
-19044853
-19046957
-19050540
-19052515
-19052841
-19053665
-19053677
-19055773
-19058837
-19059553
-19059987
-19062794
-19064490
-19069133
-19069317
-19073568
-19076120
-19078854
-19080441
-19084080
-19086643
-19091418
-19092188
-19092470
-19094358
-19098182
-19100250
-19101530
-19103325
-19105734
-19108568
-19109654
-19113710
-19116230
-19120817
-19125559
-19127144
-19130189
-19132525
-19133955
-19136256
-19140247
-19144488
-19148923
-19153058
-19153928
-19157331
-19159968
-19161719
-19163193
-19163806
-19165202
-19165849
-19166232
-19166300
-19169615
-19171891
-19176595
-19177216
-19181436
-19183481
-19187715
-19191657
-19192999
-19194944
-19196712
-19199843
-19202120
-19204212
-19205065
-19208686
-19211962
-19216377
-19220173
-19224625
-19225980
-19226201
-19227685
-19231823
-19236039
-19237021
-19239968
-19241353
-19243080
-19246345
-19246956
-19248811
-19249854
-19250560
-19253964
-19255463
-19259126
-19263812
-19266630
-19271200
-19275804
-19279608
-19282322
-19283909
-19286013
-19288266
-19292026
-19294343
-19298432
-19299480
-19299708
-19303193
-19304431
-19305580
-19309874
-19310365
-19310603
-19312055
-19312587
-19315795
-19318889
-19321718
-19323282
-19325073
-19325532
-19327858
-19328645
-19331493
-19335291
-19338612
-19338663
-19341676
-19346064
-19349256
-19349578
-19350597
-19351259
-19352110
-19355362
-19356264
-19358602
-19359799
-19362146
-19366544
-19368163
-19369883
-19371803
-19374358
-19376514
-19377163
-19377816
-19382149
-19383975
-19386154
-19388996
-19392710
-19393688
-19397063
-19401610
-19402983
-19405676
-19409063
-19409239
-19411643
-19415429
-19416882
-19420578
-19423273
-19427562
-19428776
-19431460
-19431670
-19435823
-19438961
-19440414
-19440647
-19443479
-19444848
-19449417
-19449599
-19452313
-19455476
-19457598
-19459903
-19460008
-19460782
-19462715
-19465729
-19468047
-19471858
-19475442
-19479501
-19483833
-19485957
-19488933
-19490974
-19491349
-19494579
-19497266
-19498487
-19503076
-19503436
-19507774
-19508403
-19509768
-19511551
-19511623
-19513785
-19517956
-19518864
-19518942
-19522561
-19522862
-19526963
-19531052
-19532259
-19533438
-19537504
-19541661
-19543845
-19544557
-19547011
-19548759
-19551122
-19555198
-19555878
-19559097
-19563623
-19567276
-19569714
-19571380
-19574205
-19575790
-19580169
-19582798
-19584063
-19586494
-19589746
-19593222
-19597561
-19597583
-19600777
-19601000
-19602316
-19604029
-19604539
-19607346
-19610080
-19611540
-19613652
-19615319
-19619662
-19623346
-19626655
-19626668
-19627959
-19630906
-19631160
-19635366
-19638651
-19638781
-19641483
-19642511
-19645280
-19646622
-19648985
-19652045
-19653723
-19658108
-19659464
-19659528
-19661926
-19666414
-19666860
-19670212
-19673281
-19675633
-19678805
-19679778
-19681582
-19681726
-19682898
-19686073
-19687805
-19688764
-19689457
-19691260
-19694913
-19698359
-19698936
-19699432
-19702381
-19702661
-19706178
-19709356
-19711409
-19712990
-19713658
-19713973
-19714105
-19714957
-19717027
-19719939
-19722652
-19724647
-19728769
-19733259
-19735354
-19736414
-19739675
-19739738
-19743474
-19744450
-19744921
-19744964
-19746545
-19749788
-19751957
-19752131
-19754642
-19758706
-19759738
-19759816
-19763346
-19767206
-19768245
-19769259
-19770821
-19775005
-19778179
-19781036
-19782830
-19782920
-19786696
-19790488
-19790688
-19790770
-19795025
-19797045
-19800848
-19803312
-19806416
-19810807
-19812282
-19813739
-19816276
-19819561
-19823893
-19825164
-19826455
-19827003
-19827449
-19828325
-19831096
-19831204
-19831403
-19832935
-19836450
-19839979
-19843222
-19844099
-19845601
-19848525
-19850908
-19854919
-19857652
-19859168
-19861006
-19862021
-19866236
-19870437
-19872315
-19872936
-19873420
-19876431
-19878746
-19879397
-19882321
-19885330
-19889704
-19892438
-19892593
-19894710
-19898979
-19903230
-19903444
-19903552
-19907264
-19910362
-19910884
-19913249
-19913925
-19914520
-19917719
-19920175
-19922848
-19925541
-19927579
-19931635
-19935404
-19937158
-19941560
-19945145
-19949123
-19952133
-19953365
-19953784
-19954810
-19955079
-19958108
-19958761
-19961838
-19962221
-19966350
-19966710
-19967442
-19970170
-19973449
-19977590
-19981740
-19983763
-19984754
-19988651
-19989555
-19993940
-19995925
-19999436
-20000448
-20000895
-20001468
-20004473
-20008245
-20008670
-20010559
-20014219
-20017907
-20019296
-20020181
-20023073
-20024543
-20025059
-20028344
-20030470
-20031826
-20032077
-20036017
-20039543
-20040558
-20042629
-20044646
-20045975
-20048313
-20051877
-20055078
-20056215
-20058072
-20060757
-20061346
-20062560
-20062622
-20063279
-20063662
-20066755
-20069818
-20070567
-20073047
-20074838
-20078439
-20081021
-20082819
-20084478
-20084763
-20084967
-20085961
-20090191
-20092014
-20092169
-20095443
-20099015
-20100163
-20101190
-20105288
-20107551
-20108314
-20109891
-20110478
-20114517
-20118837
-20122231
-20123533
-20123671
-20125183
-20126248
-20129334
-20129350
-20133111
-20137107
-20141020
-20143359
-20144998
-20147871
-20150423
-20151756
-20153130
-20153259
-20153733
-20157036
-20159128
-20161903
-20162642
-20164427
-20168417
-20172565
-20174765
-20177917
-20181605
-20182291
-20184833
-20185086
-20189206
-20192356
-20195732
-20196715
-20198198
-20200704
-20204745
-20206211
-20206630
-20209671
-20213309
-20216088
-20219728
-20222945
-20226992
-20228501
-20232440
-20236669
-20240425
-20243554
-20243846
-20244122
-20247130
-20249742
-20252214
-20254994
-20255086
-20255842
-20259289
-20262768
-20266280
-20268158
-20272097
-20275986
-20279002
-20282388
-20285476
-20286775
-20287858
-20289000
-20291382
-20292964
-20293833
-20297255
-20301275
-20302572
-20303359
-20305463
-20308250
-20310968
-20314841
-20318919
-20319455
-20322830
-20326458
-20326460
-20329981
-20333420
-20334285
-20337952
-20339466
-20341360
-20344459
-20346222
-20348375
-20351085
-20354367
-20356245
-20356360
-20359497
-20361757
-20364356
-20366417
-20367815
-20370370
-20370967
-20373261
-20373876
-20375252
-20378620
-20382435
-20385091
-20388673
-20391783
-20393765
-20396518
-20397489
-20398643
-20399167
-20400366
-20404410
-20408186
-20408763
-20408923
-20411564
-20413861
-20414653
-20417359
-20418952
-20419340
-20420090
-20423494
-20424012
-20426277
-20428589
-20431104
-20433220
-20433469
-20435002
-20435381
-20438440
-20440139
-20440977
-20441285
-20441505
-20442319
-20444640
-20446942
-20448523
-20450349
-20452005
-20456004
-20458077
-20461298
-20465453
-20467174
-20468932
-20469987
-20470194
-20474116
-20476341
-20479004
-20482256
-20485237
-20486542
-20488790
-20492384
-20492604
-20494585
-20495871
-20496411
-20496562
-20499559
-20500333
-20500743
-20504876
-20505022
-20508018
-20509707
-20513127
-20513717
-20515456
-20516713
-20520506
-20523970
-20527214
-20528704
-20531067
-20532242
-20535638
-20539727
-20539846
-20539899
-20540230
-20544165
-20548032
-20551297
-20554647
-20555031
-20558515
-20561973
-20563399
-20566642
-20568411
-20572493
-20574719
-20576150
-20579724
-20581174
-20585285
-20587405
-20589345
-20590927
-20592096
-20592573
-20596220
-20597206
-20598316
-20599052
-20600329
-20602603
-20605182
-20609054
-20609140
-20609563
-20610873
-20611213
-20612102
-20614211
-20616246
-20617976
-20618568
-20618838
-20620435
-20621533
-20624481
-20627048
-20630574
-20632705
-20636493
-20638019
-20641506
-20644712
-20644902
-20644937
-20646813
-20647228
-20650222
-20651000
-20653437
-20654773
-20656932
-20659540
-20662695
-20664898
-20666330
-20668381
-20669183
-20671955
-20673892
-20676369
-20679637
-20683181
-20685302
-20686335
-20686926
-20690780
-20694105
-20695484
-20697289
-20698650
-20699647
-20702779
-20704951
-20705623
-20708046
-20709413
-20713131
-20717013
-20718623
-20721839
-20722402
-20722937
-20722946
-20723783
-20726059
-20726954
-20729222
-20731388
-20732824
-20733129
-20735568
-20736519
-20737062
-20740248
-20743552
-20747066
-20749103
-20753017
-20754289
-20754345
-20755887
-20758462
-20761348
-20764611
-20766253
-20766668
-20769492
-20772793
-20775481
-20777549
-20777704
-20780741
-20783238
-20784216
-20785264
-20788337
-20788756
-20789295
-20791224
-20794689
-20796178
-20799127
-20802106
-20804152
-20805749
-20807249
-20807928
-20810987
-20813107
-20814272
-20816812
-20819040
-20823014
-20825556
-20829139
-20831291
-20834090
-20835550
-20839142
-20839905
-20843070
-20843560
-20847062
-20850326
-20851559
-20853051
-20855246
-20858928
-20860568
-20863012
-20866757
-20869702
-20869742
-20872547
-20874774
-20877700
-20878884
-20879215
-20880923
-20884421
-20886904
-20888536
-20890765
-20890885
-20893057
-20894878
-20898683
-20900314
-20901611
-20903585
-20906731
-20909393
-20910693
-20913962
-20914292
-20916555
-20919324
-20921793
-20922000
-20922043
-20924144
-20925541
-20926503
-20928559
-20928958
-20932392
-20934439
-20936473
-20938141
-20939192
-20940759
-20944623
-20946864
-20950263
-20953382
-20956371
-20958883
-20959000
-20960240
-20962587
-20965407
-20968647
-20971838
-20974469
-20974987
-20978885
-20979427
-20982622
-20985808
-20986768
-20988945
-20989293
-20990805
-20993150
-20994712
-20995768
-20997780
-20999091
-21001853
-21004457
-21006397
-21008640
-21010392
-21014236
-21016921
-21020706
-21021370
-21023123
-21025968
-21027561
-21027605
-21028929
-21029037
-21029617
-21033091
-21036557
-21039433
-21040600
-21043430
-21044397
-21044458
-21046491
-21047344
-21048644
-21050548
-21050627
-21054268
-21057177
-21058910
-21062169
-21062615
-21065631
-21065992
-21067912
-21069668
-21073309
-21073928
-21076956
-21079989
-21081485
-21083135
-21083345
-21086152
-21087226
-21090460
-21093069
-21093434
-21097264
-21098177
-21100681
-21102393
-21102616
-21104695
-21106273
-21108272
-21109366
-21111601
-21114598
-21115419
-21117010
-21117790
-21119737
-21120313
-21123347
-21126056
-21129384
-21129674
-21131483
-21134720
-21136095
-21138257
-21139695
-21141368
-21143678
-21145388
-21149155
-21150600
-21151658
-21152000
-21152376
-21155074
-21157644
-21160598
-21163718
-21164790
-21167181
-21167306
-21169367
-21172855
-21174479
-21176264
-21178695
-21178764
-21181390
-21184276
-21187650
-21190328
-21190478
-21193638
-21194470
-21194859
-21197428
-21197956
-21200707
-21201454
-21203340
-21204868
-21207112
-21208759
-21209626
-21212143
-21215931
-21218349
-21220961
-21221479
-21224456
-21228120
-21228654
-21230787
-21231537
-21232139
-21232503
-21234938
-21238369
-21240847
-21242564
-21243979
-21244638
-21245395
-21247761
-21249058
-21249859
-21252624
-21255376
-21255965
-21258804
-21262362
-21264074
-21267596
-21270383
-21272794
-21274343
-21275513
-21277015
-21280592
-21281527
-21283487
-21285673
-21287974
-21288270
-21288632
-21290956
-21291638
-21294631
-21297422
-21300608
-21302330
-21305793
-21307170
-21309270
-21309294
-21310862
-21311205
-21314215
-21315938
-21318840
-21321477
-21321590
-21322691
-21325224
-21326251
-21328216
-21331226
-21331946
-21332198
-21335052
-21336087
-21337418
-21339919
-21340808
-21340939
-21342223
-21344254
-21346871
-21349237
-21352853
-21353470
-21356306
-21357995
-21360227
-21363410
-21363653
-21367318
-21368863
-21372303
-21375739
-21378518
-21380514
-21383224
-21383920
-21387200
-21387295
-21388350
-21391292
-21393529
-21393789
-21397267
-21399294
-21399551
-21400551
-21401214
-21404840
-21405299
-21407884
-21410367
-21411534
-21413341
-21415356
-21416596
-21417476
-21417598
-21419584
-21420774
-21422585
-21423176
-21426006
-21428598
-21428927
-21431156
-21432922
-21434967
-21435927
-21438999
-21440916
-21440968
-21444465
-21445737
-21447344
-21450403
-21452618
-21454420
-21457473
-21460850
-21463854
-21465227
-21468775
-21471929
-21474484
-21475476
-21477349
-21480344
-21482119
-21483571
-21484432
-21485994
-21486887
-21487461
-21489080
-21491028
-21491453
-21494146
-21497376
-21498899
-21502370
-21504860
-21507780
-21509530
-21510894
-21513709
-21515160
-21517097
-21518753
-21520576
-21524106
-21525606
-21527600
-21528790
-21531057
-21531538
-21532474
-21534448
-21537497
-21538825
-21540115
-21541492
-21541619
-21542773
-21543383
-21545421
-21547288
-21547297
-21548695
-21549745
-21552512
-21553703
-21555226
-21556287
-21557005
-21560066
-21561068
-21563847
-21566739
-21569601
-21570014
-21571218
-21574372
-21576441
-21579482
-21582736
-21583742
-21584874
-21585022
-21588424
-21588849
-21589511
-21590606
-21591410
-21592970
-21595917
-21597507
-21600942
-21603969
-21605104
-21608599
-21610965
-21611671
-21613334
-21615896
-21617178
-21619062
-21622537
-21625715
-21625964
-21627092
-21627190
-21628149
-21631197
-21631355
-21634147
-21637373
-21638352
-21641277
-21642511
-21645297
-21648443
-21648998
-21649406
-21651276
-21653542
-21656119
-21659413
-21661079
-21664340
-21665778
-21666500
-21667632
-21670120
-21670418
-21671504
-21673651
-21674980
-21676246
-21677117
-21679643
-21682603
-21685036
-21688162
-21691522
-21694528
-21697982
-21698587
-21700327
-21701249
-21702472
-21704966
-21707168
-21708443
-21710143
-21711561
-21713946
-21714080
-21714558
-21714677
-21715901
-21716748
-21718154
-21718585
-21721195
-21722725
-21725018
-21726971
-21728550
-21729074
-21730145
-21730848
-21734262
-21736790
-21738722
-21739188
-21742668
-21744799
-21745627
-21746707
-21746856
-21748027
-21750863
-21751830
-21755177
-21758203
-21761643
-21763884
-21764285
-21766438
-21767270
-21769516
-21771526
-21773556
-21777026
-21778710
-21781571
-21783225
-21786394
-21788595
-21791396
-21792498
-21795663
-21796681
-21798487
-21800618
-21803111
-21804695
-21808088
-21810606
-21813882
-21816151
-21817885
-21818018
-21818380
-21821633
-21822232
-21822539
-21824928
-21826976
-21827130
-21828064
-21829691
-21830747
-21831266
-21832278
-21832545
-21834170
-21835731
-21838213
-21840531
-21841661
-21843357
-21845899
-21846079
-21848376
-21849515
-21850152
-21852507
-21853410
-21856415
-21859347
-21860002
-21862625
-21864672
-21866914
-21870297
-21871962
-21873214
-21874338
-21876322
-21877823
-21880676
-21882805
-21882923
-21885443
-21888301
-21890511
-21890831
-21892313
-21894038
-21896208
-21898814
-21899272
-21900029
-21902712
-21903059
-21904882
-21906272
-21909009
-21912080
-21912294
-21914909
-21917239
-21918741
-21921598
-21924492
-21926828
-21927680
-21929281
-21930970
-21933683
-21937052
-21937849
-21939872
-21939968
-21942639
-21945007
-21948392
-21950445
-21951989
-21955113
-21957402
-21960608
-21963039
-21963355
-21964945
-21966275
-21966812
-21969328
-21971481
-21972231
-21975353
-21978294
-21981133
-21982020
-21982379
-21983870
-21986174
-21988462
-21988548
-21990646
-21992910
-21994843
-21996234
-21996652
-21996780
-21999863
-22001397
-22003892
-22007028
-22009637
-22011004
-22011447
-22014040
-22015967
-22016728
-22016935
-22017259
-22018220
-22019546
-22021858
-22022627
-22025872
-22026653
-22028594
-22029962
-22030570
-22032752
-22034944
-22036945
-22040152
-22042228
-22042302
-22045618
-22047021
-22048628
-22048879
-22051720
-22051750
-22053436
-22054676
-22057802
-22059407
-22060057
-22062530
-22063131
-22064948
-22068006
-22069188
-22071270
-22071789
-22074494
-22076349
-22078882
-22080118
-22081954
-22084265
-22085539
-22085648
-22086977
-22089213
-22090308
-22093365
-22096388
-22096512
-22096661
-22098965
-22101956
-22103999
-22107036
-22109621
-22111900
-22114139
-22114300
-22116155
-22118462
-22121549
-22121895
-22124814
-22127826
-22128661
-22130094
-22132968
-22134130
-22135783
-22136611
-22139729
-22142016
-22145132
-22146518
-22149339
-22151842
-22152834
-22152855
-22153696
-22153763
-22154697
-22157514
-22160020
-22162191
-22163015
-22165193
-22165796
-22168964
-22169982
-22170439
-22172389
-22173217
-22173226
-22173914
-22176252
-22178221
-22179250
-22179515
-22179907
-22183098
-22184908
-22185312
-22187482
-22187683
-22190686
-22192939
-22193822
-22196099
-22196366
-22196871
-22198729
-22201163
-22203336
-22206517
-22207010
-22210199
-22211630
-22213533
-22215494
-22216283
-22218176
-22220001
-22221459
-22223999
-22224723
-22225771
-22226288
-22229359
-22229600
-22231725
-22233499
-22235099
-22235956
-22236927
-22240051
-22241868
-22243060
-22243247
-22245213
-22246565
-22247324
-22249463
-22250781
-22252603
-22252881
-22253299
-22256486
-22257679
-22260859
-22262684
-22265873
-22268641
-22269877
-22272561
-22273942
-22276106
-22278807
-22281987
-22284331
-22287431
-22288133
-22289275
-22291921
-22292905
-22294675
-22295930
-22297083
-22297593
-22298999
-22301563
-22303529
-22305358
-22306484
-22307516
-22310675
-22311436
-22312398
-22312784
-22313112
-22313708
-22314072
-22314585
-22314772
-22316521
-22316857
-22319700
-22320755
-22322480
-22325549
-22327792
-22328709
-22330347
-22331113
-22332508
-22335264
-22336759
-22339398
-22342063
-22343286
-22345774
-22346866
-22347779
-22350470
-22351821
-22354423
-22354844
-22357105
-22357112
-22358862
-22361903
-22363101
-22365819
-22367242
-22368153
-22370626
-22373012
-22374261
-22375200
-22376416
-22376854
-22378136
-22378981
-22379626
-22380826
-22380986
-22383108
-22385609
-22387296
-22388466
-22389149
-22389955
-22390693
-22393116
-22393838
-22396173
-22397972
-22401074
-22401397
-22402402
-22403874
-22405085
-22407425
-22408253
-22409633
-22411373
-22411595
-22413717
-22416091
-22418977
-22421092
-22423079
-22424406
-22424605
-22427222
-22427362
-22428471
-22429714
-22431233
-22433541
-22433865
-22435970
-22436516
-22437333
-22437503
-22439701
-22441972
-22444950
-22447004
-22447820
-22450114
-22450808
-22451674
-22453903
-22454697
-22455904
-22455990
-22457519
-22458730
-22460112
-22462303
-22464131
-22466391
-22466742
-22467150
-22469455
-22469730
-22470682
-22473509
-22475776
-22477958
-22479531
-22480826
-22481549
-22483257
-22485479
-22486485
-22487134
-22488819
-22490475
-22493056
-22495746
-22498269
-22500482
-22502288
-22504802
-22507166
-22509914
-22512512
-22513652
-22516064
-22516789
-22518384
-22519549
-22520260
-22522156
-22523651
-22525572
-22527415
-22529121
-22531387
-22532896
-22534990
-22535899
-22536702
-22536705
-22537156
-22538615
-22541509
-22541959
-22543412
-22545144
-22547485
-22549357
-22550467
-22552711
-22553271
-22555655
-22558501
-22559040
-22561531
-22562173
-22563385
-22565559
-22568239
-22568996
-22569893
-22571654
-22572417
-22575176
-22576638
-22579323
-22579571
-22580769
-22583387
-22584207
-22586332
-22587424
-22590181
-22590657
-22591493
-22592856
-22592981
-22593599
-22594416
-22594584
-22597263
-22598868
-22599774
-22600209
-22600822
-22601366
-22603390
-22604496
-22606594
-22608965
-22610774
-22612539
-22614285
-22617197
-22619699
-22620991
-22621959
-22622323
-22625237
-22625489
-22626522
-22628705
-22628761
-22630438
-22632528
-22635388
-22637107
-22639219
-22640055
-22641252
-22641638
-22641941
-22643545
-22644495
-22644520
-22645336
-22645973
-22646628
-22648689
-22650055
-22650904
-22652568
-22652652
-22653151
-22653452
-22654781
-22656837
-22659221
-22661982
-22663365
-22665466
-22666803
-22669644
-22671668
-22671801
-22672286
-22672435
-22673651
-22676157
-22678480
-22680817
-22682656
-22682843
-22683666
-22685999
-22686752
-22687212
-22688697
-22690852
-22691103
-22693583
-22695396
-22695731
-22696040
-22697259
-22699982
-22702044
-22702578
-22704795
-22707607
-22709755
-22711929
-22711993
-22713268
-22713676
-22715195
-22717892
-22720491
-22723136
-22725026
-22727757
-22730507
-22732590
-22733440
-22734745
-22735376
-22735700
-22735976
-22736835
-22738237
-22739608
-22739731
-22742302
-22742331
-22744839
-22745677
-22746732
-22749119
-22749916
-22752028
-22754464
-22754554
-22755620
-22757358
-22757639
-22758059
-22759406
-22760044
-22762716
-22764256
-22766676
-22767313
-22769921
-22772474
-22775267
-22775330
-22776014
-22776026
-22778058
-22778511
-22778932
-22780794
-22782740
-22783936
-22785222
-22786403
-22787393
-22789843
-22791622
-22791878
-22792406
-22792902
-22794012
-22794696
-22795824
-22796166
-22798870
-22800277
-22801166
-22801970
-22804316
-22806739
-22808864
-22810311
-22812922
-22814770
-22815248
-22817931
-22818753
-22818856
-22821246
-22822172
-22823895
-22825656
-22827518
-22828212
-22830384
-22830880
-22831950
-22833916
-22835300
-22836453
-22839082
-22839489
-22839497
-22840882
-22841168
-22841896
-22842524
-22844290
-22846403
-22848179
-22848559
-22849368
-22851360
-22852224
-22853387
-22854135
-22855398
-22855461
-22855804
-22857643
-22859833
-22860117
-22860231
-22861385
-22863403
-22865853
-22866525
-22867553
-22867841
-22868348
-22870417
-22872131
-22872898
-22875231
-22875365
-22876489
-22878575
-22880369
-22880634
-22880654
-22882528
-22883282
-22883581
-22885624
-22885900
-22886486
-22886930
-22888219
-22890894
-22890955
-22893362
-22894947
-22897308
-22899593
-22901016
-22902603
-22904328
-22905075
-22906125
-22906131
-22907203
-22909390
-22909728
-22909736
-22910555
-22912493
-22915086
-22916860
-22918314
-22918515
-22918745
-22921298
-22922656
-22925306
-22925623
-22927020
-22928039
-22929595
-22931441
-22933827
-22935634
-22937768
-22938132
-22938529
-22939369
-22940561
-22942612
-22944711
-22946573
-22948669
-22951326
-22952254
-22954868
-22955960
-22956690
-22958736
-22961022
-22962169
-22963318
-22964140
-22966320
-22966767
-22967391
-22968532
-22968654
-22969710
-22970599
-22971866
-22974262
-22975760
-22976976
-22977570
-22978353
-22979329
-22981798
-22982150
-22983170
-22983193
-22984549
-22985163
-22987387
-22989093
-22990809
-22991289
-22992743
-22995238
-22995795
-22997551
-22998447
-23000498
-23000919
-23003533
-23004068
-23006189
-23007503
-23008846
-23011038
-23012167
-23014096
-23016656
-23018221
-23020409
-23021581
-23023344
-23025978
-23028627
-23030406
-23032957
-23034944
-23037162
-23038708
-23040880
-23043061
-23043964
-23044808
-23044837
-23045557
-23045938
-23047746
-23048864
-23051210
-23053197
-23054302
-23055558
-23058205
-23058928
-23059439
-23061848
-23062021
-23062070
-23063590
-23064523
-23066688
-23068943
-23070148
-23071650
-23073613
-23074995
-23075124
-23077085
-23079402
-23081726
-23083434
-23083620
-23086113
-23086827
-23089430
-23091490
-23091715
-23094208
-23094334
-23096011
-23097473
-23099470
-23100825
-23101407
-23103748
-23104694
-23106960
-23107873
-23109514
-23111467
-23112522
-23114617
-23115813
-23116004
-23116699
-23118772
-23120731
-23123173
-23125143
-23127202
-23129751
-23131155
-23133583
-23134350
-23134567
-23134977
-23136009
-23136644
-23137697
-23139339
-23141758
-23142286
-23143574
-23145767
-23146639
-23148170
-23148959
-23149654
-23151616
-23152822
-23153723
-23155768
-23156197
-23156394
-23158709
-23161099
-23162520
-23163100
-23165435
-23165944
-23166619
-23168193
-23170408
-23172834
-23173815
-23175538
-23177409
-23178872
-23179010
-23181047
-23182081
-23182609
-23183726
-23185532
-23186393
-23187799
-23187967
-23188815
-23189742
-23189910
-23190781
-23191947
-23192322
-23194096
-23196512
-23197560
-23198654
-23198888
-23200979
-23201972
-23202715
-23204573
-23206491
-23207872
-23209033
-23209081
-23209386
-23209499
-23210924
-23213329
-23214157
-23215906
-23217216
-23217596
-23218553
-23220904
-23221531
-23222504
-23223156
-23224874
-23226225
-23227412
-23227974
-23229659
-23231461
-23232882
-23234892
-23236524
-23238852
-23239838
-23239878
-23242192
-23244191
-23246331
-23246387
-23247467
-23248722
-23250216
-23252154
-23253401
-23253447
-23254023
-23255654
-23255852
-23258162
-23258320
-23259172
-23260033
-23262490
-23264707
-23265503
-23266836
-23268556
-23270853
-23271472
-23271600
-23273972
-23275522
-23277859
-23278153
-23279360
-23281636
-23283206
-23285656
-23286143
-23288563
-23289920
-23292298
-23293892
-23295219
-23296270
-23297100
-23299489
-23300389
-23301787
-23303875
-23305935
-23307377
-23309205
-23309615
-23311693
-23312151
-23312384
-23312916
-23314609
-23316921
-23317897
-23319526
-23320841
-23321199
-23323182
-23325285
-23325357
-23327747
-23328888
-23329649
-23329782
-23330243
-23332295
-23332298
-23333969
-23336193
-23337690
-23337947
-23339873
-23341909
-23343925
-23344884
-23347305
-23347563
-23349248
-23350937
-23352308
-23354188
-23356014
-23357367
-23359152
-23359315
-23360494
-23361256
-23363241
-23364774
-23365223
-23365686
-23367522
-23368757
-23371064
-23372556
-23373355
-23373967
-23375752
-23376544
-23378564
-23380566
-23381378
-23382411
-23384460
-23384663
-23385856
-23386900
-23388283
-23390616
-23390743
-23390871
-23391598
-23392985
-23394887
-23396985
-23398640
-23400479
-23401654
-23403157
-23403920
-23405870
-23406461
-23407256
-23408183
-23409077
-23409359
-23410935
-23412182
-23413002
-23413733
-23415600
-23417509
-23419731
-23420315
-23420556
-23420688
-23421460
-23422570
-23422610
-23424873
-23425209
-23425497
-23425660
-23427650
-23427826
-23430087
-23430637
-23430857
-23432157
-23433931
-23435630
-23437141
-23437442
-23437807
-23438670
-23439671
-23440255
-23440691
-23442128
-23444357
-23445393
-23445754
-23446098
-23448189
-23449144
-23450682
-23451920
-23452534
-23453569
-23455731
-23456452
-23457851
-23459834
-23461919
-23463330
-23464562
-23464683
-23465390
-23466273
-23467805
-23468118
-23468726
-23468915
-23471177
-23472034
-23473870
-23474888
-23476741
-23479013
-23479348
-23481457
-23483308
-23483452
-23485601
-23485920
-23487503
-23489535
-23491034
-23491712
-23493871
-23496059
-23497713
-23498402
-23498444
-23500659
-23501893
-23502617
-23503913
-23504061
-23506286
-23508422
-23508486
-23509506
-23509593
-23509722
-23510934
-23513055
-23514735
-23515966
-23517109
-23519116
-23519490
-23519620
-23521866
-23523003
-23523876
-23524778
-23526403
-23527055
-23527211
-23527313
-23527901
-23529325
-23530035
-23531722
-23532382
-23533358
-23533621
-23534604
-23536310
-23537305
-23539559
-23539742
-23540751
-23542396
-23543997
-23544238
-23544729
-23545139
-23546456
-23546856
-23549015
-23550402
-23550416
-23551743
-23553524
-23555243
-23555959
-23556983
-23557222
-23557779
-23557974
-23558348
-23559527
-23560921
-23561144
-23562163
-23563264
-23563581
-23565210
-23565626
-23566080
-23566298
-23567229
-23568929
-23570996
-23572499
-23573404
-23573462
-23574716
-23574998
-23575446
-23576276
-23576646
-23576734
-23577638
-23579371
-23580131
-23581396
-23581469
-23581813
-23582690
-23584854
-23586391
-23588033
-23589395
-23589517
-23589779
-23591873
-23592016
-23593644
-23595669
-23596907
-23597239
-23597932
-23598532
-23598939
-23599377
-23600831
-23601829
-23602662
-23603943
-23604264
-23606107
-23607500
-23607555
-23608459
-23608496
-23609774
-23610553
-23611988
-23612587
-23614731
-23615399
-23616900
-23618692
-23619748
-23620525
-23621559
-23623622
-23624687
-23624967
-23625844
-23626770
-23626902
-23628437
-23628817
-23629160
-23629225
-23629279
-23629712
-23629978
-23631343
-23633336
-23634653
-23636806
-23638724
-23638940
-23639760
-23640023
-23640319
-23641847
-23643402
-23643423
-23644419
-23645179
-23645828
-23647588
-23649454
-23650112
-23650611
-23652243
-23653656
-23655697
-23655784
-23656680
-23657880
-23659731
-23660589
-23661655
-23662159
-23662966
-23663902
-23664433
-23665795
-23667628
-23669159
-23669565
-23670153
-23670985
-23671687
-23673678
-23675278
-23676822
-23678350
-23680184
-23680409
-23680663
-23681424
-23681666
-23683634
-23685306
-23685653
-23686587
-23686867
-23687116
-23688814
-23690918
-23692549
-23692868
-23693744
-23695590
-23696906
-23697121
-23699079
-23700493
-23701808
-23702210
-23702782
-23704308
-23704568
-23705510
-23707541
-23708115
-23708992
-23709268
-23709278
-23710592
-23712119
-23712764
-23713335
-23715106
-23716899
-23717289
-23717480
-23718431
-23718481
-23719171
-23720493
-23722270
-23722418
-23723004
-23724974
-23725390
-23726683
-23727144
-23727257
-23729029
-23730722
-23731236
-23732709
-23733575
-23735062
-23735479
-23735578
-23736750
-23737272
-23738972
-23739198
-23740299
-23741098
-23742958
-23744148
-23744300
-23744890
-23745597
-23745981
-23747855
-23749096
-23750177
-23750507
-23751717
-23753229
-23754535
-23755943
-23756738
-23757888
-23758162
-23759508
-23760362
-23761222
-23761447
-23762321
-23764340
-23764796
-23766020
-23767891
-23768449
-23769112
-23769445
-23770406
-23771818
-23772218
-23772696
-23773784
-23774775
-23776084
-23776923
-23778274
-23778383
-23780037
-23781276
-23781814
-23781982
-23782018
-23782235
-23784198
-23784995
-23786563
-23786798
-23787550
-23787922
-23789901
-23790885
-23791186
-23793083
-23794213
-23794744
-23795306
-23796367
-23797186
-23798553
-23800224
-23801781
-23801841
-23803475
-23804705
-23806527
-23807995
-23809426
-23810104
-23812002
-23813241
-23814120
-23815913
-23816562
-23817478
-23818769
-23818852
-23818949
-23820527
-23822186
-23822985
-23823349
-23824563
-23826147
-23826324
-23826979
-23828628
-23829652
-23830017
-23830199
-23831701
-23832947
-23834750
-23835485
-23837198
-23837836
-23839413
-23840118
-23841211
-23842289
-23842355
-23844155
-23844832
-23846273
-23847076
-23848113
-23848291
-23849886
-23850467
-23851347
-23852637
-23854453
-23855522
-23856502
-23857781
-23857806
-23858592
-23859998
-23861579
-23861952
-23862322
-23864193
-23864362
-23864799
-23865602
-23866612
-23868378
-23869929
-23870275
-23870963
-23870973
-23871004
-23871939
-23872642
-23873731
-23874198
-23875731
-23877283
-23879000
-23880780
-23880977
-23881770
-23882987
-23883199
-23883610
-23884976
-23886110
-23887480
-23888887
-23889189
-23889207
-23889972
-23890436
-23891368
-23893258
-23893942
-23895015
-23895278
-23896829
-23898010
-23899392
-23900141
-23901376
-23901792
-23903443
-23904264
-23904566
-23904719
-23906573
-23906896
-23908405
-23910163
-23911567
-23912024
-23912071
-23912718
-23914404
-23915941
-23917045
-23917880
-23918758
-23918910
-23920473
-23922075
-23923274
-23923516
-23924717
-23926108
-23927047
-23927601
-23929239
-23930347
-23931087
-23931401
-23932890
-23933942
-23935161
-23935798
-23936129
-23936578
-23937575
-23937909
-23939032
-23939997
-23940113
-23941368
-23942929
-23943664
-23944013
-23944657
-23945000
-23945617
-23946603
-23946902
-23948023
-23948610
-23949560
-23950383
-23951654
-23951892
-23953187
-23953322
-23954819
-23956082
-23957597
-23958859
-23960361
-23960479
-23960877
-23961297
-23961961
-23963781
-23964529
-23965871
-23965873
-23966605
-23967771
-23968406
-23969961
-23971470
-23971475
-23971767
-23972910
-23973812
-23975153
-23976896
-23977638
-23979226
-23980589
-23982192
-23983509
-23985259
-23985403
-23986169
-23986392
-23987711
-23988421
-23989803
-23990309
-23991185
-23991289
-23991886
-23993575
-23994719
-23995799
-23996849
-23997282
-23997806
-23998884
-23999983
-24001176
-24002564
-24003309
-24003641
-24004227
-24004239
-24005764
-24006942
-24006977
-24008554
-24010169
-24011689
-24011951
-24012992
-24013734
-24013748
-24014165
-24015481
-24015895
-24016363
-24017783
-24018709
-24019833
-24021439
-24022560
-24023228
-24023686
-24023755
-24024915
-24026221
-24026425
-24027997
-24028615
-24029519
-24030455
-24030973
-24031754
-24032388
-24033234
-24033432
-24033459
-24034879
-24035342
-24036920
-24037541
-24038461
-24039787
-24040831
-24042070
-24042343
-24042469
-24043898
-24044781
-24045783
-24046579
-24047988
-24048035
-24049107
-24049777
-24050722
-24051032
-24051424
-24052186
-24053308
-24053878
-24055060
-24056503
-24057540
-24058684
-24059693
-24060165
-24061012
-24062145
-24063635
-24063728
-24064903
-24065891
-24066690
-24066707
-24066929
-24067879
-24067950
-24068728
-24069736
-24069820
-24069904
-24070941
-24072035
-24073587
-24073591
-24074443
-24075768
-24076347
-24076632
-24077881
-24079547
-24080477
-24081291
-24081368
-24082099
-24083358
-24084973
-24085459
-24086551
-24087246
-24087264
-24088435
-24089340
-24089530
-24089699
-24090691
-24092089
-24093180
-24094852
-24095173
-24096784
-24098228
-24099754
-24099910
-24101277
-24102202
-24102902
-24103249
-24103279
-24103539
-24103568
-24104084
-24105184
-24105927
-24107071
-24108270
-24108795
-24109324
-24110968
-24111903
-24112593
-24113507
-24113545
-24113873
-24115016
-24115758
-24116704
-24117085
-24118716
-24120009
-24120284
-24121399
-24121532
-24122117
-24122219
-24123079
-24124295
-24124500
-24125388
-24126213
-24127804
-24128805
-24130323
-24131183
-24132501
-24133554
-24133617
-24134386
-24134694
-24135122
-24135216
-24136375
-24137225
-24137941
-24139342
-24140644
-24141028
-24141741
-24142048
-24142162
-24143160
-24143846
-24144999
-24145949
-24146790
-24147221
-24147400
-24148573
-24149322
-24149669
-24149788
-24150226
-24150564
-24150679
-24150724
-24150829
-24151237
-24151900
-24153485
-24154888
-24156071
-24156514
-24158031
-24158900
-24159040
-24160407
-24161954
-24162524
-24163555
-24164592
-24165848
-24167243
-24168334
-24168844
-24170099
-24171063
-24171824
-24172417
-24173654
-24174265
-24175355
-24175807
-24176901
-24177377
-24178881
-24179676
-24179852
-24181062
-24182291
-24182904
-24184157
-24185146
-24186522
-24187281
-24188269
-24188783
-24188909
-24190177
-24191488
-24192468
-24193158
-24194015
-24194924
-24195854
-24196334
-24196942
-24198439
-24199061
-24199487
-24200242
-24201042
-24201773
-24202374
-24203737
-24204755
-24206284
-24207640
-24208784
-24210192
-24210959
-24211532
-24212944
-24213700
-24214747
-24215840
-24217249
-24218621
-24219420
-24219448
-24220093
-24220343
-24221369
-24221418
-24222903
-24224206
-24224466
-24224743
-24225607
-24225668
-24226175
-24227490
-24228270
-24228488
-24229490
-24229912
-24230613
-24231986
-24232785
-24233715
-24234618
-24235467
-24235863
-24237146
-24238533
-24239035
-24239166
-24239548
-24240353
-24240852
-24241320
-24242378
-24242918
-24243464
-24244133
-24244352
-24245263
-24246103
-24247281
-24248604
-24249111
-24249128
-24249756
-24250348
-24251144
-24252280
-24253316
-24254156
-24254289
-24254715
-24255631
-24255830
-24255935
-24257309
-24257713
-24258781
-24260119
-24260191
-24260867
-24261508
-24262565
-24262827
-24264245
-24264447
-24264924
-24265248
-24266590
-24267339
-24268153
-24268945
-24269350
-24270368
-24270753
-24271565
-24272524
-24272708
-24273751
-24274563
-24275968
-24276622
-24277102
-24278320
-24278461
-24278692
-24279222
-24279254
-24280051
-24280125
-24281191
-24281588
-24282148
-24282968
-24283621
-24283923
-24285312
-24286330
-24287521
-24288412
-24289308
-24289979
-24290412
-24291386
-24292266
-24293324
-24293572
-24294689
-24296076
-24297025
-24297920
-24299158
-24299511
-24300643
-24301557
-24301871
-24302093
-24302312
-24303571
-24303919
-24304890
-24305273
-24305971
-24306940
-24308089
-24309065
-24310034
-24310811
-24311361
-24311499
-24311743
-24311833
-24312832
-24313285
-24313952
-24314978
-24315148
-24316082
-24316814
-24317016
-24317230
-24317947
-24318415
-24319599
-24320864
-24321732
-24322562
-24323009
-24324022
-24325327
-24325379
-24326163
-24326232
-24326357
-24326769
-24328087
-24328283
-24328967
-24329968
-24331119
-24331995
-24332952
-24333991
-24334151
-24334223
-24335488
-24336676
-24336810
-24337204
-24338400
-24339052
-24340375
-24341542
-24342178
-24343340
-24344533
-24344964
-24345527
-24346613
-24347280
-24348365
-24349057
-24350048
-24350296
-24350753
-24351087
-24351116
-24351600
-24352664
-24352969
-24353231
-24354103
-24354500
-24355379
-24356553
-24357371
-24358116
-24358724
-24359460
-24360378
-24361006
-24361583
-24362233
-24362703
-24363430
-24364066
-24364197
-24364736
-24365687
-24366753
-24367710
-24368562
-24369230
-24370356
-24370745
-24371144
-24371626
-24371731
-24372326
-24373149
-24374283
-24374793
-24375616
-24375633
-24376349
-24376517
-24376991
-24377960
-24378152
-24379169
-24379844
-24379900
-24380370
-24380385
-24380671
-24381567
-24381677
-24382589
-24383075
-24384101
-24384512
-24384605
-24385333
-24386464
-24387451
-24387692
-24387747
-24388489
-24389010
-24390095
-24390477
-24391632
-24391724
-24392142
-24393068
-24393486
-24393557
-24393890
-24394811
-24395841
-24396080
-24397035
-24397968
-24398705
-24399451
-24400607
-24400664
-24400705
-24401302
-24401351
-24401614
-24402439
-24402889
-24403029
-24403385
-24403634
-24404830
-24405842
-24406953
-24406974
-24408124
-24408155
-24408463
-24408952
-24409027
-24409091
-24409117
-24410094
-24410463
-24410755
-24411394
-24411495
-24411742
-24412393
-24412899
-24412991
-24413320
-24414402
-24414689
-24415246
-24415342
-24416162
-24417153
-24418110
-24418148
-24418895
-24419834
-24420934
-24421778
-24422489
-24423321
-24424468
-24424563
-24424846
-24425822
-24426302
-24426401
-24427298
-24428199
-24429286
-24430123
-24430840
-24431729
-24432222
-24433149
-24433601
-24434651
-24435842
-24436126
-24437198
-24437661
-24438542
-24439392
-24440473
-24440611
-24441727
-24441760
-24442377
-24443289
-24443629
-24444181
-24445052
-24445242
-24445327
-24445368
-24446031
-24447097
-24448104
-24449092
-24450149
-24450792
-24451708
-24451997
-24452486
-24452584
-24453666
-24453863
-24454320
-24454435
-24455267
-24456230
-24457090
-24458115
-24458894
-24459152
-24460256
-24460747
-24461433
-24461730
-24462083
-24462576
-24462996
-24463919
-24464967
-24465242
-24465900
-24466292
-24467054
-24467492
-24467593
-24468459
-24468956
-24469610
-24470033
-24471039
-24471403
-24472117
-24472547
-24472591
-24472938
-24473229
-24473681
-24474335
-24474743
-24474782
-24475349
-24475923
-24476629
-24476725
-24476944
-24477359
-24478278
-24479394
-24479577
-24479624
-24479678
-24480452
-24480612
-24481608
-24481992
-24482255
-24483342
-24484235
-24484684
-24484842
-24484931
-24485724
-24486133
-24486760
-24487104
-24487348
-24487580
-24488589
-24488788
-24489362
-24489571
-24489727
-24489963
-24490334
-24490492
-24491351
-24492414
-24493412
-24494501
-24494702
-24495384
-24495469
-24495615
-24495957
-24496330
-24497133
-24498125
-24498635
-24499399
-24499904
-24500126
-24500170
-24500841
-24501894
-24502273
-24502477
-24503228
-24504199
-24504984
-24505544
-24506311
-24507106
-24507251
-24507345
-24507852
-24508805
-24509061
-24509440
-24509651
-24510217
-24510399
-24511221
-24512267
-24512875
-24513902
-24514339
-24514666
-24515557
-24516153
-24516541
-24517068
-24517272
-24518160
-24518779
-24519144
-24519688
-24520151
-24520424
-24520655
-24521639
-24522038
-24522070
-24522324
-24523332
-24524319
-24524619
-24524702
-24524800
-24524914
-24525158
-24525644
-24526341
-24526728
-24527358
-24527930
-24527990
-24528443
-24528670
-24529624
-24530295
-24530480
-24530676
-24530937
-24531375
-24532112
-24532335
-24532699
-24533593
-24533608
-24534599
-24535494
-24536382
-24536881
-24536936
-24537406
-24538003
-24538019
-24538658
-24539382
-24539600
-24539663
-24540605
-24540620
-24541569
-24541701
-24541862
-24542339
-24542993
-24543449
-24544297
-24544336
-24544836
-24545248
-24546189
-24546425
-24547388
-24547417
-24548140
-24548200
-24548995
-24549172
-24549205
-24549278
-24550139
-24550536
-24550915
-24551440
-24552148
-24553086
-24553717
-24554537
-24554706
-24555623
-24555634
-24556254
-24556838
-24556940
-24556973
-24557832
-24558039
-24558313
-24559156
-24559396
-24559644
-24560113
-24560524
-24561227
-24562019
-24562132
-24562277
-24562812
-24563735
-24564613
-24564954
-24565292
-24565554
-24565596
-24566514
-24566753
-24567644
-24567720
-24568061
-24568986
-24569020
-24569593
-24569886
-24570700
-24570873
-24570938
-24571316
-24571413
-24571447
-24571501
-24571988
-24572136
-24572301
-24572746
-24573487
-24573887
-24574182
-24574841
-24574961
-24575131
-24575804
-24576376
-24576770
-24576861
-24577515
-24578418
-24579314
-24579329
-24580208
-24580274
-24580357
-24580532
-24581388
-24581662
-24582124
-24582166
-24582797
-24583584
-24584077
-24584495
-24584847
-24585087
-24585591
-24586452
-24586980
-24587304
-24587712
-24588308
-24588524
-24588766
-24588921
-24589538
-24589708
-24590412
-24590881
-24591755
-24591878
-24592436
-24592637
-24593113
-24593455
-24593857
-24594390
-24595221
-24595460
-24596133
-24596492
-24597356
-24597716
-24598513
-24599219
-24599895
-24600083
-24600644
-24601292
-24601504
-24602224
-24602708
-24602885
-24603560
-24603987
-24604487
-24605146
-24605838
-24606525
-24607149
-24607355
-24607752
-24608013
-24608638
-24609346
-24609554
-24609965
-24610559
-24611053
-24611638
-24612157
-24612718
-24613077
-24613320
-24613758
-24613923
-24614626
-24614999
-24615212
-24615954
-24616116
-24616130
-24616568
-24617328
-24617887
-24618575
-24619376
-24619503
-24620304
-24620632
-24621345
-24621827
-24622345
-24622473
-24623123
-24623707
-24624394
-24624820
-24624933
-24625191
-24625278
-24625490
-24626085
-24626819
-24627076
-24627152
-24627373
-24627800
-24627871
-24628516
-24628640
-24629434
-24629632
-24629707
-24630337
-24630623
-24631241
-24631630
-24631919
-24632109
-24632654
-24633172
-24633173
-24633342
-24633913
-24634155
-24634542
-24635094
-24635650
-24636272
-24636814
-24637409
-24638022
-24638182
-24638258
-24638616
-24638851
-24639115
-24639858
-24640502
-24641067
-24641773
-24641994
-24642276
-24642780
-24643043
-24643582
-24643990
-24644412
-24644911
-24645609
-24646173
-24646482
-24646560
-24646706
-24647114
-24647453
-24647478
-24647627
-24648113
-24648335
-24648503
-24648930
-24649353
-24649787
-24650032
-24650735
-24651353
-24651885
-24652486
-24652494
-24652571
-24653056
-24653713
-24653737
-24654172
-24654363
-24654587
-24655207
-24655451
-24655489
-24656082
-24656311
-24656356
-24656699
-24657003
-24657011
-24657651
-24657768
-24657931
-24658055
-24658202
-24658378
-24658549
-24658583
-24659080
-24659479
-24660182
-24660518
-24661100
-24661123
-24661553
-24661957
-24662160
-24662265
-24662821
-24662870
-24663529
-24663710
-24663845
-24664493
-24664860
-24665065
-24665113
-24665622
-24666162
-24666284
-24666800
-24667381
-24667487
-24668035
-24668039
-24668130
-24668801
-24669072
-24669165
-24669343
-24669743
-24670018
-24670380
-24670666
-24670749
-24671051
-24671073
-24671533
-24671923
-24672518
-24672524
-24672703
-24672802
-24673377
-24673895
-24674229
-24674618
-24674958
-24675469
-24675497
-24675854
-24675924
-24675953
-24676144
-24676781
-24677162
-24677275
-24677727
-24677870
-24678232
-24678704
-24679160
-24679249
-24679774
-24680075
-24680555
-24681066
-24681295
-24681348
-24681928
-24681959
-24682395
-24682883
-24683464
-24683735
-24683901
-24684461
-24684598
-24684860
-24685386
-24685704
-24686026
-24686346
-24686820
-24687428
-24687916
-24688412
-24688870
-24689244
-24689433
-24689565
-24689609
-24689988
-24690567
-24690672
-24690800
-24691031
-24691584
-24692139
-24692715
-24692780
-24692954
-24693463
-24693683
-24693998
-24694102
-24694614
-24694912
-24695341
-24695545
-24696098
-24696478
-24697003
-24697341
-24697771
-24698364
-24698410
-24698896
-24698911
-24699425
-24699705
-24700064
-24700206
-24700498
-24700950
-24700998
-24701048
-24701516
-24701711
-24701935
-24702185
-24702635
-24702728
-24703117
-24703304
-24703741
-24704111
-24704495
-24704765
-24704884
-24705228
-24705231
-24705533
-24705987
-24706369
-24706711
-24706764
-24707065
-24707184
-24707189
-24707457
-24707500
-24708049
-24708530
-24708935
-24709284
-24709682
-24709895
-24710306
-24710746
-24710830
-24710874
-24711023
-24711214
-24711724
-24712090
-24712243
-24712782
-24712831
-24712954
-24713426
-24713636
-24713752
-24714051
-24714577
-24715102
-24715238
-24715547
-24715745
-24716268
-24716748
-24717063
-24717190
-24717713
-24718006
-24718373
-24718534
-24718815
-24718938
-24719394
-24719597
-24719841
-24720237
-24720612
-24720971
-24721307
-24721385
-24721883
-24721929
-24722404
-24722640
-24723139
-24723496
-24723834
-24724096
-24724361
-24724853
-24724978
-24725151
-24725569
-24725589
-24725812
-24726123
-24726431
-24726595
-24726873
-24727044
-24727066
-24727223
-24727586
-24727853
-24728333
-24728625
-24729027
-24729417
-24729772
-24730095
-24730209
-24730546
-24730566
-24730962
-24731320
-24731790
-24731978
-24732040
-24732366
-24732401
-24732735
-24733202
-24733448
-24733746
-24733941
-24734244
-24734687
-24734745
-24735134
-24735180
-24735492
-24735669
-24735818
-24735996
-24736422
-24736618
-24736993
-24737260
-24737295
-24737588
-24737689
-24738041
-24738286
-24738641
-24738670
-24739109
-24739129
-24739413
-24739753
-24740046
-24740463
-24740838
-24741152
-24741557
-24741561
-24741947
-24742079
-24742483
-24742808
-24743043
-24743175
-24743349
-24743516
-24743716
-24743846
-24744246
-24744427
-24744526
-24744732
-24744937
-24745077
-24745364
-24745427
-24745690
-24745756
-24746065
-24746438
-24746744
-24746920
-24746974
-24747297
-24747343
-24747571
-24747972
-24748297
-24748375
-24748483
-24748525
-24748592
-24748877
-24749122
-24749238
-24749295
-24749410
-24749602
-24749891
-24749995
-24750248
-24750591
-24750842
-24751135
-24751484
-24751823
-24751891
-24752175
-24752392
-24752664
-24753021
-24753186
-24753376
-24753738
-24753918
-24754203
-24754253
-24754436
-24754492
-24754671
-24754947
-24755217
-24755552
-24755700
-24755860
-24756149
-24756481
-24756597
-24756677
-24756734
-24756756
-24757082
-24757276
-24757380
-24757506
-24757709
-24757981
-24758218
-24758399
-24758551
-24758702
-24758950
-24759031
-24759217
-24759445
-24759632
-24759932
-24760238
-24760524
-24760544
-24760721
-24760874
-24761116
-24761356
-24761552
-24761778
-24762052
-24762285
-24762617
-24762857
-24762965
-24763242
-24763258
-24763529
-24763803
-24763804
-24763875
-24763944
-24764257
-24764410
-24764467
-24764550
-24764812
-24765066
-24765130
-24765389
-24765710
-24765889
-24766131
-24766156
-24766409
-24766712
-24766739
-24766937
-24767035
-24767210
-24767311
-24767405
-24767457
-24767522
-24767623
-24767787
-24768026
-24768264
-24768419
-24768700
-24768813
-24768883
-24769112
-24769137
-24769289
-24769469
-24769564
-24769606
-24769675
-24769805
-24770068
-24770331
-24770501
-24770522
-24770770
-24770897
-24771130
-24771336
-24771549
-24771595
-24771867
-24772043
-24772303
-24772320
-24772509
-24772515
-24772560
-24772824
-24772974
-24773192
-24773383
-24773482
-24773606
-24773738
-24773761
-24773853
-24773899
-24773906
-24773919
-24773936
-24774011
-24774085
-24774321
-24774552
-24774747
-24774776
-24774959
-24775013
-24775176
-24775362
-24775409
-24775438
-24775561
-24775608
-24775846
-24776046
-24776256
-24776483
-24776670
-24776884
-24776942
-24777088
-24777235
-24777418
-24777654
-24777860
-24778040
-24778262
-24778411
-24778471
-24778674
-24778676
-24778716
-24778778
-24778812
-24778866
-24779035
-24779238
-24779377
-24779597
-24779702
-24779897
-24780024
-24780216
-24780255
-24780339
-24780408
-24780421
-24780429
-24780483
-24780679
-24780867
-24780924
-24781045
-24781218
-24781218
-24781355
-24781557
-24781749
-24781875
-24781908
-24781980
-24782062
-24782226
-24782326
-24782512
-24782700
-24782711
-24782780
-24782871
-24782894
-24782947
-24783136
-24783320
-24783404
-24783422
-24783482
-24783561
-24783680
-24783758
-24783872
-24783917
-24783943
-24784047
-24784224
-24784335
-24784496
-24784503
-24784556
-24784715
-24784770
-24784795
-24784934
-24785045
-24785161
-24785193
-24785275
-24785422
-24785510
-24785569
-24785676
-24785758
-24785841
-24785971
-24786005
-24786106
-24786106
-24786118
-24786256
-24786340
-24786467
-24786611
-24786643
-24786656
-24786770
-24786845
-24786922
-24786984
-24787062
-24787197
-24787233
-24787336
-24787435
-24787441
-24787454
-24787471
-24787557
-24787641
-24787702
-24787804
-24787823
-24787858
-24787901
-24788025
-24788074
-24788134
-24788181
-24788259
-24788288
-24788308
-24788427
-24788493
-24788570
-24788571
-24788663
-24788743
-24788770
-24788842
-24788860
-24788936
-24789024
-24789129
-24789203
-24789244
-24789324
-24789377
-24789456
-24789465
-24789559
-24789612
-24789692
-24789724
-24789766
-24789860
-24789897
-24789986
-24790016
-24790108
-24790177
-24790191
-24790258
-24790339
-24790389
-24790446
-24790453
-24790538
-24790602
-24790604
-24790658
-24790681
-24790714
-24790723
-24790773
-24790782
-24790843
-24790902
-24790944
-24790981
-24791016
-24791059
-24791095
-24791159
-24791166
-24791232
-24791281
-24791342
-24791405
-24791437
-24791445
-24791480
-24791519
-24791556
-24791561
-24791567
-24791594
-24791647
-24791656
-24791698
-24791732
-24791777
-24791785
-24791815
-24791841
-24791874
-24791914
-24791946
-24791963
-24792006
-24792026
-24792051
-24792067
-24792073
-24792088
-24792119
-24792146
-24792158
-24792184
-24792210
-24792218
-24792246
-24792256
-24792256
-24792286
-24792309
-24792314
-24792336
-24792336
-24792350
-24792368
-24792380
-24792383
-24792399
-24792414
-24792428
-24792437
-24792444
-24792449
-24792457
-24792461
-24792463
-24792466
-24792476
-24792480
-24792488
-24792492
-24792494
-24792496
-24792497
-24792499
-24792500
-24792501
-24792502
-24792502
