9383
5587
9181
1460
1205
560
7572
6129
4241
3060
8582
7194
9850
5194
4627
9616
8316
6526
7506
7003
5351
3017
2337
7568
5230
9455
9406
7706
7399
6309
8389
3300
7542
7864
3989
2642
1037
6505
1177
3586
9069
4111
9441
3002
2624
9932
1112
4001
811
3000
2613
851
3727
7785
9458
5463
2910
5638
1108
1451
1045
3906
4356
1523
8912
120
4106
4050
7005
8629
3744
7040
5318
5958
934
2842
878
7197
8135
7994
3727
7381
1302
4986
340
5079
745
109
2570
4264
3782
3930
6456
3458
4999
792
9858
6837
216
8454
6795
9390
570
4534
9835
4071
9467
5650
397
1890
352
1893
1045
9710
8190
706
7917
8306
7570
9020
9320
855
8529
5429
93
2271
715
5744
7381
5243
4827
8465
9369
7155
9232
3130
418
3214
7373
2486
4008
2962
638
7776
8095
5114
2414
6769
580
9325
8290
1752
6164
1983
5612
7165
1846
3501
361
3567
1739
8642
4358
3578
5469
3825
5965
7467
450
3316
724
7056
3335
2897
8073
5691
8211
4875
2931
5180
6472
3143
2753
6411
3563
8407
5374
6883
9282
2171
3599
9022
5163
2788
676
2113
8691
6063
7486
4842
3576
7012
9433
2969
7985
3638
4718
3117
3544
4201
3488
2253
6053
6918
1775
8311
532
1560
8510
2088
2690
6068
8848
242
5228
9740
2963
8396
6490
2227
7389
5495
4014
5237
7961
6357
3731
7958
1748
6834
3382
9621
6061
7260
1282
1628
2478
7681
1735
32
6855
6508
5849
4758
4980
3580
6840
9625
9688
4587
9702
2116
3092
5773
2706
6503
9678
4832
7530
427
3530
2172
684
5617
5055
1750
2616
3032
3265
2253
8001
6920
8685
7625
2208
8673
8035
7484
6899
373
2639
4108
5365
8224
1172
2050
2262
6019
5042
5422
6890
6947
4330
1192
5952
6257
275
51
1815
4335
1247
7172
4628
7558
1973
8769
5144
1490
5202
2276
8046
791
559
7383
3329
8305
8455
1466
2097
203
4429
3088
5436
6086
2513
9273
3127
1679
7524
6108
4380
8872
3582
2858
8268
4446
1020
6203
5740
2334
772
1281
9625
5713
5532
334
6920
8280
3446
977
6458
4223
2288
4482
8009
576
2733
961
964
1135
3344
6741
4507
4607
9155
3151
8130
4308
1632
2128
5699
6468
9403
6313
2101
8737
8934
260
2245
3260
196
5346
8224
7729
112
1386
5800
6955
6078
7080
7128
2302
3802
4827
8214
5903
696
1051
945
7655
3063
5295
5221
6559
3306
4479
847
7462
5564
2004
8620
438
9506
4896
9497
3490
7319
1195
7575
8847
3503
2059
1094
3699
4404
8261
1843
235
3229
1887
2676
1731
44
9042
6044
2939
6794
9185
5762
6560
8056
7280
7574
8936
769
7818
3551
2660
744
682
6320
2825
7087
1047
5887
3831
3971
1636
1247
6644
7485
9311
7032
549
6925
9039
6005
4338
6995
1349
7257
7816
3166
4278
9401
4969
9309
3877
6284
8909
5663
4334
21
5512
9166
5500
645
293
9300
7937
5261
2790
4722
5759
4399
716
1851
8119
2154
8317
2516
1023
7909
5491
654
1216
1408
6485
1562
9113
2685
8564
1714
8806
9412
7596
3390
139
8372
3512
8278
6106
9306
7533
2025
4630
9043
6866
5039
544
857
3538
7614
2841
3582
8225
3264
7460
7928
8949
8510
5738
7637
8546
2253
6831
4952
5616
1813
1528
8098
1750
34
2932
7772
4062
3148
7861
8929
7344
9245
382
9189
1471
4781
5633
9113
7340
5849
5032
2109
3232
1557
7014
3125
4479
4383
5053
512
7378
2608
65
6185
4683
4344
9308
7477
4352
4977
5518
6670
5440
1873
704
9041
2433
2790
8305
8453
8561
6441
1392
2022
8657
1204
3976
4433
6380
5633
839
1614
4073
5263
6055
2015
646
2369
7546
666
7605
2668
1475
5345
5462
1270
4012
8831
480
7922
5630
1298
2985
1476
4236
5194
6697
622
8045
3977
4393
8436
9252
6768
9172
8829
8299
7065
1422
8781
614
1967
775
6328
1867
1170
1100
7725
4458
8724
6870
3725
7645
8075
1275
6849
6914
3577
3442
7143
8141
2125
5916
2336
7883
8001
3350
4071
8962
2734
2108
7836
3960
7179
3227
5708
1423
5123
8663
6350
1228
7988
3488
8396
5786
9286
5417
7238
978
1613
8550
5423
6223
4093
6927
3577
5491
4638
7113
3859
7138
1763
7409
8744
7622
4398
6504
3217
1341
4313
3073
8599
7294
3004
4765
1597
7175
4764
3634
2821
5759
2435
8987
7261
1007
1591
5516
4135
9077
3276
6050
7115
2535
8412
5009
5934
7053
4539
1239
1894
8333
7579
3242
5684
1619
6016
1777
5256
3626
4195
3056
4488
6422
2795
866
2852
930
1565
2379
6805
4797
787
5165
5794
5565
1728
2874
6252
8268
8946
5084
5780
1290
1159
8645
5454
3943
2633
4298
5795
2999
7872
1395
8886
4420
7797
1322
2175
8954
811
1515
2029
1813
9097
4690
4507
5938
7483
4854
3770
8939
3337
8057
1372
2853
6166
2923
1725
3817
7642
9095
3882
4937
4461
7760
2958
6525
5736
6468
8293
1390
4080
1183
515
8133
3749
4484
9142
3680
4642
4761
8597
9065
7379
6863
4266
4322
745
1149
4688
5746
1750
950
3372
7280
7381
8862
7614
2184
8149
7812
6050
2051
942
3466
7749
4540
4712
6669
4920
2135
6652
4756
8263
4492
2926
6861
1414
4554
313
5591
5925
2252
5478
2503
8495
1186
346
7979
673
570
4832
3599
8029
6365
547
2295
3360
3489
8233
3295
2855
1400
7478
5049
7660
8416
6784
1031
6
1341
7208
2583
3581
79
6340
8460
6820
1868
7169
3788
4882
6615
5906
5119
8752
6145
5927
6265
6723
7271
828
2527
6883
4450
7233
2932
291
5702
5813
8491
2151
2692
6062
8798
7439
2318
124
2524
7409
7113
690
2313
4957
6032
5935
6712
6947
986
3033
3308
322
3917
5825
5932
3168
73
2984
1659
1210
197
4486
3054
4754
3522
5468
6158
2156
2390
4507
4645
3974
6172
6088
2394
89
7813
2744
2383
7732
6373
5693
6148
6723
8770
3133
134
2903
3277
7082
7400
3362
2225
1885
4852
2732
5575
470
4570
6299
1249
6294
8585
4019
5621
1179
3314
6090
8254
2547
7885
6497
6168
435
5908
5241
2350
7035
8292
4316
1679
8450
38
6787
4644
2185
1597
6693
5081
6463
1029
1300
2213
8250
679
2898
5444
1096
8504
5776
1553
8079
275
5426
2111
6097
4961
1988
6650
5840
672
2339
8610
5489
6912
7394
7961
8375
2249
5293
5893
4392
7087
5235
6884
8237
4839
817
8551
744
4703
688
1822
2981
464
2213
873
2709
5424
487
5431
4068
7515
8794
1781
3335
2386
6203
3765
1601
2840
3315
7038
1193
3830
2149
6130
4568
5129
4271
3242
682
8876
4583
1836
1041
4344
3777
6580
1967
3933
8863
7563
6177
2640
5128
7426
4189
3306
3852
7704
4087
3058
128
7477
2070
6438
8525
7097
5286
5403
1768
4674
4383
7976
5297
4837
8137
4643
834
2484
4213
5756
4440
2965
3881
5423
7760
7132
756
4878
3565
2700
8769
2315
3177
2984
970
2878
138
8515
7819
8257
4907
5421
4226
5030
788
1048
6309
5257
7788
6378
6842
3416
8691
5016
7994
1638
4661
4973
5613
8644
7654
7446
2433
3782
8481
8033
7540
464
3705
5671
1972
4743
2922
2496
2873
4735
7775
6862
8733
1133
3305
644
2483
1554
8344
305
539
3092
8439
3890
2238
3818
5062
1640
2141
1411
7282
1846
891
8530
8391
1859
5002
5437
1457
6750
2895
2053
1604
7401
5852
5675
6397
7723
5914
6539
3372
7778
3525
3688
4475
1872
2654
4139
6699
6452
1023
4525
4639
5344
6143
199
5583
1162
1213
417
2005
407
4064
1267
4231
7882
3023
4126
1164
2889
7826
7945
4453
4949
5945
241
6284
8077
6108
1715
4898
4660
7899
5120
2325
3164
7657
4846
2822
6351
1264
1632
4977
5121
505
1246
7393
7790
2632
4208
942
232
1683
7688
6485
7974
3045
2137
5223
2661
85
5336
2516
943
5965
6546
5753
1417
179
4192
383
2144
8221
4898
2216
7768
6796
1180
5697
2776
1255
4443
2377
7558
5318
3512
2172
866
7940
99
3175
36
6819
8515
3606
5788
2859
2491
6886
6143
3773
5844
3108
6369
6419
2174
2879
1756
5336
7057
1558
4103
3206
6278
968
3627
5591
4510
3317
7182
4090
3887
2268
4294
836
4793
6535
642
126
5850
1525
260
2803
6614
1541
487
3108
8594
5712
3788
5764
5992
6427
6595
1917
1874
8119
2410
7306
8238
6600
1931
5599
7460
1491
161
7359
448
4703
4580
2161
3068
1526
1314
3392
3370
3453
7110
7160
6378
1898
5380
3899
2901
2921
1793
3761
891
4562
4461
3739
4299
7401
8425
1299
6793
6019
7051
3374
352
5873
1983
1807
2004
6866
3128
1841
4704
3365
2194
500
4365
6134
4748
3655
5230
7741
6368
4731
3867
4983
5876
3068
8001
7406
1136
934
2501
4514
7975
3199
3411
4025
8353
6133
6124
6944
5001
4370
4809
3120
6770
6853
8121
4179
5685
787
2157
1246
5177
2332
3386
6017
2087
3905
1044
3682
3503
3415
2679
8119
7249
7329
4501
5333
6835
162
1428
1767
1651
6036
3929
5983
5699
4915
5028
1317
614
2881
4389
2670
277
7108
5411
6787
8171
4503
2179
124
5718
2897
4497
3615
2701
3434
7851
966
531
8089
824
2406
176
886
4858
5147
4640
1540
4896
1913
3885
2146
1738
1722
3671
1301
1365
2030
3683
5205
1850
7921
2195
5544
330
6074
2686
2262
5695
7186
2175
5138
58
118
5981
5286
3944
7820
4947
4316
7797
6415
3254
1234
5536
4364
674
564
6321
7900
2300
3441
4465
1236
1274
5007
8178
5865
6831
4186
4902
4454
2033
5159
808
5519
4119
7308
753
1629
820
7786
5007
1280
4540
723
2247
4673
1270
7627
8201
5168
5882
7530
2681
7543
4316
6319
4465
722
1830
3613
3638
5432
5005
2339
4695
2856
6931
7463
5833
7161
7948
2228
2859
4409
2269
2499
4177
4243
4522
3936
4066
3716
4588
6168
720
8050
7936
5219
7933
8115
1240
7273
7613
7793
4089
4346
5456
1915
4029
3892
2082
6093
4408
3963
6930
5942
1257
490
6323
3815
7751
5457
4146
2031
3302
8003
65
5578
4407
193
317
6225
684
5404
367
1221
7465
7879
189
2721
3368
973
1179
1470
2636
8269
2654
5475
3580
2788
408
3696
7021
6229
1841
1398
68
1609
420
1205
2289
260
3532
5123
950
379
8226
8031
107
6078
1195
2761
6390
3409
4517
2022
2237
3184
6086
226
6733
888
1432
3343
5334
2851
4132
3520
7688
681
5902
6613
219
4208
4426
5358
705
1740
5029
6277
5153
4054
5777
7236
4391
4529
7347
3749
5560
754
7029
1093
272
427
6103
438
905
3037
6
1874
4547
3723
5612
2258
6471
4148
6597
7374
4293
3432
6127
2729
6698
1337
3150
6409
6563
532
2431
6220
5645
6234
5891
6571
708
2660
3846
3696
3201
3347
7701
3692
1861
5372
7612
1234
5301
5075
2063
2088
4870
8009
1015
4669
3362
2502
4903
1031
1539
7157
3354
939
7338
6374
3192
766
2148
7659
819
7008
5753
3097
7639
3062
6021
633
8062
7961
960
3537
303
4338
1245
7274
2390
1955
4142
3360
2250
6022
3826
5307
632
6932
1722
3529
7375
6668
8024
598
2678
5444
5834
2405
2331
4367
5664
3158
2560
4435
1672
920
3881
646
3702
7526
5547
3212
1298
4782
6761
4258
2780
2756
6070
7510
382
3521
848
1834
3113
1405
3340
5351
4319
6592
3048
3334
4224
1802
7612
1779
3764
7628
49
1335
2774
5984
4410
6058
7074
4677
7846
7248
5011
2997
1225
5053
6657
1097
2523
4232
5247
2171
6375
2704
3880
5137
7262
3143
3688
6604
3887
576
404
5270
3337
6590
7794
7260
4991
1581
7920
4151
3318
2816
6685
6638
7902
4575
5576
2156
4696
1433
2080
2838
1002
5088
2766
7877
5740
6874
3551
7329
1120
4824
5091
7993
1010
6388
6950
2536
2689
5896
6913
5393
2936
500
2470
3066
4948
4376
3087
1444
5141
621
7621
1720
1885
7349
1824
2586
6129
3069
464
4696
2334
6224
6034
7175
5634
7960
167
2466
4663
6302
3986
6765
2410
4894
5006
5761
6996
208
5038
5863
6378
6407
5815
6599
3452
5520
51
6132
2968
4067
1031
5326
4174
538
6965
7448
2151
4086
1897
6089
602
3523
6938
77
1126
2759
508
3951
2043
5524
4021
7143
6185
4595
1019
2868
7183
1397
7052
2509
3418
5182
459
558
5065
2944
7382
3463
3738
2498
14
2143
4158
430
1226
5084
2055
7324
1937
3367
5045
3313
83
334
1745
3368
3139
5784
3272
6544
1248
4152
6234
1997
2892
4657
33
6741
199
6138
4534
2800
7071
7259
3936
5175
2115
1977
6343
3745
6296
782
2014
2960
3805
3263
166
2100
4549
5086
2541
5781
565
914
3116
19
4848
4755
6815
1521
1771
4277
3603
5596
2407
7389
1981
7638
1514
3579
4107
2693
821
6289
1618
1213
7688
1184
6291
2414
435
6867
6534
4927
5410
4995
4525
3873
2466
5281
5036
1414
3896
3312
4650
605
5641
4214
865
7366
5412
4603
1610
1908
4671
338
7532
6191
1269
602
4776
7159
6023
4258
1031
2616
2500
6680
6505
3569
1546
6728
6142
4496
4831
4502
5616
5761
3199
1391
4090
6135
4856
2750
1908
163
2097
4822
7365
2294
3983
5825
7638
5263
6007
6921
3322
3908
7585
6511
121
5140
6748
2151
5229
525
402
1392
7372
4191
286
7634
6816
5725
2772
5301
5164
3978
4648
3204
4310
357
5194
3130
2071
4100
5771
2339
2786
5488
2710
3892
5194
5287
6057
6334
5141
3520
2324
3537
1475
1623
4441
999
3314
3740
7394
1279
1015
3307
6819
4083
3466
1323
7551
6386
6681
910
2396
1066
7112
2846
1226
7622
5082
5453
3799
1066
5498
6985
627
502
3218
4398
7606
6107
4798
6487
4846
359
472
3743
5720
1518
1632
6398
1905
3146
5457
5160
2620
3834
2449
799
729
191
2412
3803
5361
3298
6418
4952
760
6324
2827
1500
1947
7349
4380
5371
3908
4440
5844
3579
1879
5438
4475
1537
3346
3254
4721
156
3891
6623
1450
2939
5197
3258
5595
6584
1807
4374
3264
1112
7092
6380
6852
1798
6039
3208
4920
6626
7216
439
4251
4738
5133
4124
6704
3225
7300
565
4079
6041
4500
2446
2542
5281
3075
414
4890
5080
2454
629
4256
980
5648
2892
6410
460
6871
4538
1660
5564
6799
2769
2442
2166
2492
3241
1369
6186
2231
7148
5971
1403
2549
2279
568
73
4930
1818
1678
2277
2719
6809
4058
5616
1785
177
4250
727
2288
4419
5839
987
1519
3219
4140
995
2815
5932
6178
1189
1600
5031
7512
2033
2068
3184
4267
2348
5061
3788
7274
6748
523
2937
6525
4407
4035
1286
820
2926
1393
1235
47
2374
4416
6029
298
273
2365
4937
3322
328
6934
64
3533
2592
5554
5811
6261
4649
4420
5752
561
2967
99
2777
3494
6250
5067
31
4954
390
489
4389
861
6727
649
928
663
4442
7434
4610
3626
5899
6316
795
23
5498
4134
2582
6970
1690
523
5412
5158
6240
486
1647
5348
3946
3302
2298
2933
5379
6131
1743
744
2814
5821
5386
1049
3057
1463
3432
2478
2272
801
5371
7120
1865
3674
3106
6030
3952
2799
26
2282
6937
2778
84
6209
7342
6671
7060
3804
6819
3150
3239
5453
3577
5744
4489
361
439
946
4720
830
6924
1275
4548
381
1070
252
6821
3138
3025
2744
672
6197
2772
4035
7144
2429
1864
4104
4212
6357
565
127
2751
6351
2343
5681
460
5356
724
758
5730
915
3863
3120
2809
6418
1288
5270
5692
6802
906
1400
7318
1319
2179
3764
4015
1234
2430
727
2219
4552
7122
3973
5840
3780
6394
1505
1234
3351
2036
3345
7069
1399
7278
2650
6655
5905
2399
7154
4556
3065
4411
707
6052
3500
6592
2840
2524
4260
6392
5371
4467
903
3812
4699
5028
287
1362
2072
7277
6343
2440
2830
2048
1924
1019
5742
1310
5801
3058
3355
1049
2591
4568
92
5154
1153
4824
4454
2410
3713
2108
5543
2539
2379
4836
4668
491
5334
3353
4121
6363
5310
4086
2689
259
5423
3563
5082
3525
6822
5526
1139
4260
4746
4256
2749
5181
4062
5533
4430
623
2909
1251
1555
7011
2283
1219
5895
2966
484
7206
3005
4893
1721
7117
6755
3888
5617
6104
807
2523
6025
4143
6703
2218
912
1779
1180
6726
859
2717
707
1337
432
396
6987
6544
5094
739
3450
3292
271
443
3237
1567
748
2254
3689
2582
6772
567
5806
898
2711
412
184
1072
533
2862
4544
1036
6803
6884
3071
3872
5950
3078
333
5683
304
4772
4658
5996
4898
365
481
3486
215
6514
5106
1328
5604
6767
1238
6054
4906
2610
3010
1047
2796
499
1255
4500
88
5458
1585
4602
286
4122
3052
3517
3878
1147
6105
6403
4476
1460
5302
2214
2233
3628
5859
5158
6048
4460
5562
1241
3282
4583
200
5554
6943
5025
4518
5826
1077
756
1820
607
5187
5328
4927
3036
1635
467
4501
4765
275
5168
2878
467
2476
3967
1174
4044
658
2019
2152
7011
1885
3362
601
2887
2998
4242
4544
5534
6270
1785
1221
493
1318
1717
4747
3050
3110
6449
4019
2347
6702
1562
6645
5152
4269
4730
5225
2152
1682
342
4014
4314
706
3964
4263
1971
2998
950
3417
2803
937
4310
223
4747
3577
4567
254
2925
3159
517
3818
2378
198
4708
5642
6924
1175
4591
2229
3290
2757
3789
2151
5418
1524
6565
1104
884
2891
6420
3340
467
5528
3787
4055
3031
6657
1489
6966
6360
547
6128
777
2426
1497
6041
30
4454
1900
3551
4002
897
174
679
2771
6411
6630
717
3740
6798
2769
6281
184
3968
4802
647
4593
6595
3817
2482
6095
2523
6926
2968
3752
1540
1345
2577
2069
6255
5132
6128
582
1327
710
5072
915
638
1764
374
3430
534
663
2773
18
4707
5923
1028
3830
3758
2695
5570
5787
3940
3968
6404
252
3003
3120
956
5948
3845
5119
2527
3351
6220
5605
3275
4661
6389
6205
286
2751
4762
1361
3832
2191
5727
2467
5617
6334
5883
1255
6861
1702
560
677
65
2623
1792
5682
5488
3219
3702
4816
4003
1146
5056
3575
1472
1819
6376
3566
4667
5658
5377
6887
5358
4543
6216
2860
2197
5131
901
4867
6479
3579
5864
3923
6072
5912
3380
5361
3109
3113
1747
3273
2036
6750
5152
1275
622
6436
1438
2927
2485
1977
4551
4308
2601
3285
3693
4479
6296
4711
1333
2235
1313
452
4120
4466
3337
2653
2810
6154
2792
3184
6768
3638
1423
4850
6806
2481
6769
1594
1291
3063
3789
6713
6219
6592
5137
6809
6650
1
3386
663
4893
3987
1450
861
4069
4132
981
4828
2671
1267
6708
959
1917
6731
2029
2328
4893
2073
2945
3197
3988
3004
2614
4792
3128
5494
4096
2439
787
6647
2274
5337
5572
1475
4299
6033
17
1319
400
5956
1153
3306
1863
2580
5255
5873
3377
2204
3399
1349
6649
2142
2794
3041
266
4518
3323
3825
4984
3623
6227
5369
768
3592
2131
704
769
4750
1657
5712
667
6262
4199
5882
1786
3642
400
4146
352
6072
3101
2568
1451
4878
635
794
193
2966
5436
458
3368
57
6536
1163
393
6072
6289
3903
1817
2413
1259
4365
2790
2256
2087
4699
2072
3439
4801
2505
6333
3588
6566
946
1671
6197
5842
2935
5177
424
915
557
1597
3905
6141
2556
4254
4812
4122
3011
4180
6500
4299
6032
3653
5329
2388
6697
3896
133
3553
2853
4011
5045
2640
1407
612
3691
5158
5837
2900
2580
5374
1074
4817
3557
238
6601
237
2629
530
2542
2859
4468
1225
1812
2743
3562
3251
5471
4036
6275
2885
3910
3074
4843
4073
1972
6379
856
1036
5116
4191
2559
5232
2240
6472
3563
5392
3005
987
3541
473
6076
1670
1519
5701
5192
6140
1364
4149
3954
2298
4072
1684
3942
3273
2940
5871
3321
3093
6414
6333
5038
4227
4780
1349
4260
3616
485
1385
3565
4539
2886
769
2449
466
3919
985
1823
2483
2752
5905
2498
2172
3894
3412
3091
4418
268
781
1512
2427
3153
6404
4909
830
2564
3664
3340
2872
4279
2524
889
2666
2719
3069
2346
6278
2191
3665
4340
4699
4728
5005
4605
2792
5564
4573
5779
2952
1363
3486
397
3101
2646
5966
3106
5561
3888
4534
3264
6072
4816
2482
2256
6214
4528
4183
992
3089
3870
2107
6343
2728
1786
2822
699
4989
4559
4791
4875
3171
2228
6342
2742
5637
3465
1930
2366
435
1912
1767
2365
4564
1205
103
5817
2496
4290
6474
2672
4656
399
3721
3015
3298
195
4656
2944
5410
3897
6058
4747
1023
6058
5923
4235
4172
3860
3111
3515
1483
90
4394
3707
3240
5442
2946
1354
3190
3881
2795
5818
2463
570
2940
5490
4463
5608
2901
5838
4123
3167
6224
2102
335
3312
5557
1400
5343
807
363
995
452
5254
6006
1365
1958
3389
5653
1584
5988
480
1911
4012
250
4895
5070
4120
3355
4062
6292
1791
1329
96
5551
3914
1289
4378
6399
5079
6114
442
1691
3980
1136
4866
1374
2014
752
2363
2829
4210
3570
805
3977
4041
2092
1375
5393
5899
6262
1326
5774
5046
4985
5887
3022
5695
3916
4502
3677
5772
834
1875
1026
4882
1008
5237
5941
2950
461
519
4549
877
5614
4877
3818
2879
114
4691
422
969
5809
1914
5814
479
1302
5885
2064
5171
5076
1474
2112
5355
354
3086
342
2035
5866
5452
2440
1256
2845
3790
4469
5759
4880
1404
330
4935
304
2769
4277
2246
749
2586
6308
3003
5783
1500
204
4570
5920
5902
5499
716
5464
1543
676
1522
1917
3894
4102
3101
4198
1226
1475
1826
1163
2887
3032
2991
3200
2676
1961
5350
3598
5056
2418
3716
2190
3580
6041
6017
4943
544
5300
380
3679
5261
3954
2320
5698
4953
3283
2775
2218
693
4352
1233
3078
3311
3811
3810
338
5481
4769
4514
5159
5675
3839
1164
1006
4978
2711
1320
21
4308
1472
1602
4335
3940
6209
4563
355
121
3974
3026
69
6198
4314
1028
950
426
5361
5558
5747
5426
6189
2700
4265
5393
2486
3219
4061
3377
706
4232
2607
4594
3123
4942
244
72
105
1
2412
1819
2314
484
3430
65
4422
5460
5440
3901
737
1457
111
765
835
6020
207
5430
67
6152
5567
3006
4462
2894
1307
2495
4414
3330
4787
1605
2583
2938
3842
1797
513
3092
762
6038
4735
6162
1063
2136
2925
4243
4735
1699
2468
2220
1521
577
2710
658
6098
2846
882
3207
980
347
3402
5593
4489
6097
1325
1165
819
5078
4542
3275
2757
983
3886
5318
5970
42
919
5583
941
362
3027
3376
5710
5310
3506
3944
602
1440
377
2605
912
5775
1019
5497
853
2655
2688
5087
1658
5264
2286
5508
4915
2350
3493
1865
1146
2830
5841
2850
1660
1679
3012
102
226
2292
2605
3149
5628
5242
912
325
535
2489
5529
6042
3182
240
5009
1340
5651
4312
5175
5943
1427
1231
3521
460
3930
1441
3851
449
3241
3030
3681
3915
4814
1663
5765
5785
1786
2678
2731
3608
1676
1322
2921
1328
4654
4941
2533
3996
4741
1517
1933
5847
4028
1603
4672
603
133
5970
5070
5760
3635
3330
4397
4398
5027
3324
3601
734
6011
2959
302
880
163
5086
2361
3821
5186
4280
5235
5653
543
5543
4356
1146
5315
1452
4265
1828
992
5373
4961
2298
3274
4171
2232
543
1219
4198
6004
453
36
1389
3589
1727
5677
4904
2115
5763
458
5446
859
3350
356
708
2609
1488
1194
4513
4031
2959
1405
256
416
3134
1693
1214
5834
4246
5073
5774
2242
5863
2414
212
2913
1013
4549
4046
677
3676
196
2222
4425
5510
4407
5218
5822
5917
326
5374
5261
5320
3716
1234
1056
3524
4990
3341
1286
4955
78
2994
3835
5768
2393
1658
1877
5794
2004
744
1722
4356
4102
2786
3178
3135
338
635
986
1907
2562
390
2313
4864
2700
2501
5258
1369
2637
2642
3976
5495
2619
5693
2783
3964
3679
3624
881
62
4589
4060
1833
4400
4072
2661
5052
5613
589
2850
2597
5675
1285
13
420
2801
1552
3300
4552
3937
5416
4072
2831
4778
432
947
5560
2403
2840
3198
1575
2892
2318
4598
5329
1811
4823
2066
2359
2332
467
2086
1729
91
1224
3029
3330
992
4857
4160
5328
5452
1791
1078
3045
4121
3893
40
2788
398
4268
1772
598
4564
4014
1627
4385
2570
4463
3651
3747
986
1705
1756
245
4450
5350
421
4662
1756
1010
5648
1848
2133
1650
4535
5477
2790
3599
2541
1956
3605
3435
162
2096
4956
4881
4894
275
5056
2263
2130
905
2125
1089
4433
2768
712
308
982
4412
290
3397
956
3794
2532
1715
3153
1393
5024
4733
70
2346
5360
626
3823
2835
4602
923
2810
2732
2835
1665
415
5207
1734
2206
2838
814
3756
3578
1412
4123
2932
730
4777
579
566
3139
2212
3820
4061
979
2593
2392
3930
2870
1451
1521
5118
3504
3701
1192
3356
3331
4807
4179
1968
901
4142
3566
1552
1456
2602
4893
2944
2889
893
2523
1372
1040
3720
2826
3544
1660
3150
2884
5006
5472
1346
4878
1775
879
5446
2863
3910
3283
894
2037
4793
1164
3994
1999
493
5312
952
4128
1828
1431
3633
3418
2919
1594
5359
3167
1363
3009
4507
1775
5353
1023
1122
3929
2384
4747
610
3786
5310
4772
5200
4785
1910
449
3876
1756
4113
4943
4313
2979
1165
3971
4678
439
179
1805
5187
1142
3007
1064
959
3245
2889
248
85
5303
1246
326
3432
2125
1658
1135
4065
4480
854
4771
4357
3958
1148
2680
2593
258
956
1242
1380
1968
4155
3683
4263
2924
2407
4213
2707
3007
2326
1948
59
4478
3078
5496
4621
3743
2154
311
3822
2853
1513
5365
4308
4967
2415
24
4334
3558
1347
4565
2212
5122
1619
4449
4750
4172
5109
3939
2744
3894
3235
2277
1642
1298
2846
3559
5463
446
2799
4621
4875
5454
763
4559
304
5360
2110
1757
388
2710
612
2933
848
4015
4082
3264
1841
3876
146
1992
5479
4017
215
985
2657
877
2583
3923
3124
5248
2920
3245
3972
3130
1568
4746
189
1355
4869
4097
2197
3314
3232
3316
4036
3061
3179
1802
1259
1774
438
1040
3118
4773
4112
2967
4801
5524
1077
1074
3320
2558
2160
471
5261
3284
5416
3089
1421
983
1908
5009
3790
2059
988
2544
5021
3295
4643
3314
4552
4436
5509
2654
2931
4997
3156
1702
918
566
2627
150
3621
100
107
4139
4376
717
3869
1404
3672
3573
4069
5476
190
4960
959
179
4523
1215
2410
4945
4960
4765
951
3088
1330
2685
3036
3094
5210
1685
3390
2433
2972
1799
4539
2131
1506
5174
3150
4284
3368
2954
1867
2430
223
493
4732
3370
475
1272
305
5133
1406
1343
4801
689
508
601
2985
463
377
1941
633
4379
4862
2055
606
954
1778
702
5066
4113
318
1920
4728
3891
2933
2230
1668
4443
3885
1377
2651
335
2677
163
4045
2778
1961
3554
4070
591
1810
4897
4259
1490
1024
1539
5294
150
1538
5042
4806
4879
3885
2948
1870
4225
2751
100
1927
2112
3299
580
2756
4907
3447
3270
2267
4049
2225
4928
72
4801
3581
529
1184
1502
1335
2886
919
3394
2949
760
1841
5070
2017
2132
5057
5101
2792
2981
383
5289
1674
2999
3281
2694
1627
4191
3572
5307
550
2694
1326
1834
185
1521
1246
4321
2915
3992
2962
456
1480
75
338
2503
3917
1853
1216
349
4929
4869
3453
1011
104
450
2042
4196
1269
1747
3055
4086
1279
1580
4788
3374
3582
4544
2229
2225
5239
2749
1599
1524
1648
4998
2092
782
3166
4747
3549
3974
5071
4076
721
3558
1560
3937
2540
3414
226
3834
3614
2725
857
2882
1441
2002
3221
4520
4158
1078
588
3482
2301
3149
2316
556
165
232
1546
2783
4112
1895
1531
4371
3314
2297
2798
430
3274
2530
4729
2932
1385
567
321
3722
5060
908
2987
3740
1491
171
2369
5189
528
4755
982
3807
3480
1439
1209
5217
2210
723
2004
544
4948
4523
3750
3805
395
2239
3243
4567
2898
3896
4549
4221
3219
3514
2237
5235
2669
1394
1193
4205
2126
4868
518
5022
460
3140
535
4323
3377
4983
2710
3557
4677
2173
1082
790
2681
4210
1138
4161
3
2516
4171
2346
261
3196
2266
492
1629
3972
3601
5075
1873
955
1274
759
184
402
3086
1118
5081
5014
3839
5052
3750
917
4117
3740
3207
4953
4393
3715
110
349
4353
4436
3125
1980
1558
1123
4691
2007
4734
1784
5060
4539
1652
257
2929
2846
2620
4819
2110
2520
117
2814
1954
4473
2808
3909
1150
4657
1908
2289
2103
1247
323
4618
4835
3449
2464
5144
2960
1706
191
2104
457
638
1097
1095
239
2166
3517
4943
1655
793
4858
4249
5004
2093
1142
3974
1177
3613
1831
540
4846
4143
1493
1669
1347
126
4412
190
1470
3260
761
3683
3505
2947
2782
1105
4776
4878
243
1281
3696
185
1730
531
4997
4930
3956
1034
799
2383
4948
3434
2116
237
4398
4251
2530
327
3728
773
476
2762
637
4906
2089
3959
2169
75
3807
3098
3116
2661
1769
5001
446
2494
2865
2910
3310
1675
3127
3418
2779
1702
1059
4943
3922
1551
4961
4818
5023
205
4614
3535
1599
706
655
1272
2622
1933
3432
3139
4864
2182
1010
157
1664
158
4122
3302
4835
1049
2629
3031
2032
2559
2761
912
1926
3194
529
459
4146
3933
3207
1615
2689
1313
2417
90
2008
4796
1838
477
704
4191
4103
4551
3741
4510
1149
1763
4041
3543
4597
4811
173
4230
559
2503
2923
1071
4165
1555
4398
4517
2997
1212
4530
2366
1616
399
577
3362
4283
1113
3288
2018
816
2551
3866
642
3629
77
2333
4932
1144
786
679
3628
1489
208
996
2578
1052
4092
3680
956
1415
910
1015
1020
2480
599
2724
93
3083
1930
3239
3619
3506
2784
3330
4913
2660
2038
3764
4482
1106
2377
3326
2409
2675
1992
511
3351
4132
3795
2609
2410
1401
784
1073
3676
3815
457
714
4742
1985
1948
792
1037
1955
2368
4737
1614
1714
804
3983
136
2172
3329
998
4293
1810
2106
50
2231
2924
4802
866
1832
1687
2719
2511
1738
408
3461
4241
4647
3628
1826
2257
4595
592
4595
3802
2650
3332
144
2798
108
4349
2381
1716
3338
4152
2026
1101
1599
4156
1672
3151
4756
384
1322
4831
1722
2410
440
2993
1971
3406
186
4366
67
4584
4548
3662
1681
4809
2515
3864
3275
2434
4161
4727
4390
2494
168
2645
1655
2730
4492
1721
1969
3066
2430
965
3498
1705
4253
611
1301
2596
120
3161
4353
2164
4670
3702
2506
4349
2888
2883
4468
3607
1922
21
2104
3583
1975
326
824
12
2096
3064
716
434
2807
1696
4643
184
4251
2552
2734
1587
3639
2563
4775
770
282
1888
3824
2068
1280
1795
2409
2834
1086
4056
2520
4587
4742
1585
3045
2336
1430
2301
3991
4241
4435
4135
870
3403
2637
1751
1474
613
1396
647
383
68
3315
2276
4704
621
4220
2045
4234
3942
1342
1945
1768
3131
2277
2092
853
3621
3276
4415
3796
4452
1355
221
1484
4138
4216
982
2947
1385
1727
3265
611
1855
1043
706
3404
1499
3663
4686
2818
4570
4604
3804
2714
1587
2104
2253
3760
2317
4089
1048
228
3485
1238
1149
4294
491
238
1452
532
3208
3094
2829
1564
1791
459
2326
787
2848
3798
3321
51
3013
4388
3192
322
1019
662
851
3252
902
2338
1197
2347
4398
1619
1720
1920
2555
2156
649
653
4333
1826
2179
2842
3714
978
3375
4547
1373
2693
3387
176
2404
3786
1453
3696
2695
4289
1214
2684
210
4153
3138
1453
233
2832
1369
4569
182
2714
3163
2122
2305
105
774
1933
3014
2318
3811
3584
4059
4332
2124
2976
2041
375
3230
2687
1221
4589
360
4338
629
1365
1783
72
2162
4171
908
78
3619
301
4101
4089
1207
1179
4066
4157
2184
712
2454
1748
2363
4076
680
3219
4526
3653
2438
1666
2825
1585
4379
2629
1265
2431
3252
3476
4339
22
3194
223
1316
1713
510
2807
2734
1460
2112
1667
4343
3684
3309
13
1291
2947
254
4206
3285
130
2702
1028
2769
1342
2363
3060
1678
4385
1356
64
2398
4488
446
3352
3069
2352
3172
973
1804
144
1172
3175
1732
959
693
1803
3653
3446
577
496
2949
280
3517
3178
2053
1581
668
315
132
852
2070
2912
2713
1995
4122
4490
2095
1060
3261
63
3736
976
471
43
1581
3243
2169
174
2511
4064
1032
78
3530
3860
1039
1014
1562
4184
3174
2857
1794
90
3776
3792
200
82
4255
2020
3803
2464
3104
4391
1475
1457
2537
3285
4332
1271
1291
548
446
876
2771
108
199
1532
3515
3529
3243
877
1502
2924
2383
4011
2733
1516
1838
1015
4215
4201
1878
621
484
3011
2315
651
2924
3009
4374
2734
155
2117
4269
4251
214
108
3712
3098
522
2365
676
595
3199
2456
2673
2693
2038
4056
3769
1754
4402
3585
3978
3010
1232
419
1026
269
3029
653
3077
383
4129
360
732
2728
3279
4141
4150
2023
991
3897
904
4385
1985
3511
1012
447
573
3005
3772
425
1889
3660
3688
1389
885
2892
1470
516
3285
2126
1356
251
3940
3526
1015
2071
2017
1329
2338
3564
3201
1137
1857
2685
589
1214
62
657
383
3093
3063
749
2480
1791
3601
2582
1798
1659
285
204
994
4230
1823
155
3274
3572
1148
1027
4098
2263
763
1577
587
4039
4320
3394
1302
138
1512
1065
3086
16
3761
3996
3913
2339
1639
2873
2552
1333
1374
129
474
3303
2092
2775
739
1785
3990
4148
2200
3152
3688
686
2542
253
4120
3150
3376
983
1483
2506
4041
1466
419
3041
3638
2779
3640
3217
4047
1509
3939
4229
3756
3129
292
276
3008
2612
2472
2780
92
756
3447
3479
3512
1878
3939
3889
3016
3386
3088
1299
1083
1142
2382
1582
869
3422
4020
1297
787
2104
2787
2718
3873
4078
536
3375
3628
2
3521
3439
865
3667
1514
1894
3099
1763
2153
2710
3282
1878
115
3137
2260
2599
2061
1398
2555
597
2294
615
1376
3368
3815
2656
3582
3110
1982
2753
971
1154
524
1199
4044
3776
577
160
2641
2297
792
2706
1593
388
750
3404
518
2265
2312
2515
2116
249
1533
379
3059
1699
838
308
220
814
2321
2302
1581
1826
1656
3999
2073
3221
4155
1721
1758
1055
207
3922
2225
2663
3252
2981
1305
2248
3594
220
1981
1286
540
151
2997
774
410
4133
146
2996
1689
3420
590
1739
1257
3793
3464
3244
1490
2363
1175
3396
4089
119
53
331
3935
3867
3265
3350
384
3484
3458
1426
3243
1769
4082
2226
1431
3574
1450
4111
2120
1940
1582
1169
477
3647
986
1110
736
1277
2274
2579
3872
86
423
1310
340
889
2109
2035
1730
592
270
1597
1098
2948
2567
3526
2131
3788
1526
3487
3206
190
35
1876
415
2994
778
2437
1336
2159
2608
3155
2203
1432
2051
802
2772
1937
2477
3268
3544
2121
1033
591
3854
3325
1379
1805
1361
997
3132
2172
672
2423
1367
3718
3882
1610
3216
563
535
9
837
2276
895
2268
2166
1436
305
2439
951
543
3186
3304
3514
2037
3914
1272
56
1542
2575
2886
3263
1642
415
2824
3301
2688
2068
155
3037
2497
978
1048
3073
419
539
1929
3465
1489
2949
2979
2046
1597
1500
679
3059
2120
1165
2540
2228
3974
2542
3583
2152
2799
1460
3592
763
3165
490
3502
3264
1233
1492
2195
3682
1640
2444
3745
2945
40
2805
2227
2926
1184
331
1708
3498
2483
1632
2229
120
2172
1821
3805
1631
1297
1974
3146
2662
1300
3269
330
2263
2769
2469
207
43
2101
1397
962
2056
399
3434
2047
2034
1668
1051
1567
3864
2241
3399
3119
2989
2512
117
1240
2347
2820
3240
3191
2631
518
3898
542
3195
3186
960
2177
348
1512
2345
1562
1056
2012
1311
2762
2604
1940
2243
1752
3844
2685
3785
664
1753
2845
1593
44
1324
108
580
3474
3466
2876
1167
2830
967
61
2033
853
1300
1904
79
3641
2909
1733
3259
446
3016
361
1920
1756
3641
619
3028
3033
1496
1650
210
2807
1074
3234
2609
365
3830
913
2504
1712
223
2079
1578
1999
1094
2235
2997
821
1591
780
1947
576
3034
2709
3328
290
1809
3237
1375
2162
1438
1673
2310
1710
3767
1445
1058
342
376
2698
2570
2954
3120
1072
2391
125
2061
3488
1624
1785
2431
69
2626
2886
3374
2678
150
3160
832
389
2569
528
2751
747
1886
1528
2244
1647
867
2517
3788
2418
2612
518
2977
3664
534
2133
750
602
364
2435
3431
2478
1717
1415
659
757
2366
1297
801
2765
2752
589
2839
3558
1712
3522
2787
2411
1549
1170
1502
3577
935
1960
2186
2301
296
362
2324
682
2993
2791
3186
1722
3463
1377
2100
24
1568
343
3010
1723
2902
2637
113
1101
2533
1027
1965
3010
720
252
2854
1035
1331
2501
889
131
1284
2031
2617
2366
3616
617
2836
1689
2232
3183
243
3665
1545
3440
3436
2779
1996
2710
696
3280
95
1055
2942
2237
260
3478
2027
257
1000
663
3626
459
2585
2483
1167
1807
2015
1240
880
122
1986
1190
1811
591
2830
2592
329
2229
1766
2045
960
3072
1917
52
3497
1272
1607
3059
2215
1802
3053
3377
3004
1373
3548
3154
2555
992
1873
2995
1775
1452
861
1562
893
574
1619
1948
425
2693
3230
1523
3471
2490
2920
1750
1364
2815
1451
1937
1656
1823
3530
1500
1994
1190
2267
481
936
1974
3049
1328
1290
1377
127
1154
610
2038
1867
9
1398
1050
2767
1191
1523
1061
718
3061
1002
2779
2892
2862
413
1204
3154
2069
3041
3254
1006
1132
148
3402
425
662
1095
804
1560
2947
1590
3435
3027
1135
3495
2366
706
1663
2562
1282
1884
3475
3178
249
1128
98
959
3048
158
2792
3226
979
2925
1234
2786
3146
555
408
1870
2266
2577
3294
1666
3261
1438
722
1132
2488
298
1086
2147
1329
1266
871
2526
2960
2433
3126
3360
3006
3454
605
1740
922
1223
2494
2202
1275
1700
1418
2385
134
478
119
1224
847
1406
431
2610
1530
2293
1953
1579
524
1071
703
3414
2528
1932
466
3480
2131
828
1080
149
1171
2836
967
3347
3026
3440
2241
401
2153
832
2246
2010
2030
3470
1684
2861
1654
3169
2201
2801
1102
3165
1018
1806
2131
2493
1584
3393
2518
3276
2269
1734
133
362
3253
599
307
2389
2048
154
934
1627
1056
519
1012
267
1625
1561
2482
2318
1130
1696
2542
180
2297
1139
637
2355
903
3005
2932
655
2623
2047
2242
3383
1665
1252
1124
1984
1501
2853
2129
118
2520
2858
2210
320
1482
1725
2170
2606
458
757
2683
347
1823
1390
2737
3071
214
2615
2330
1502
2857
2894
2336
852
1601
1689
2713
3369
797
2023
96
2671
2368
3385
2053
1544
3124
2289
3206
2431
316
1590
1330
537
2516
2153
750
3122
2941
2839
887
359
1491
2304
2288
86
2098
2264
1933
1391
418
128
3083
1534
2495
3136
2609
1367
443
2593
1927
761
207
324
961
1326
2312
769
3245
781
1941
1368
608
2182
2192
2001
3207
2076
74
3316
1403
1607
251
2841
30
1686
1240
3126
1605
650
2473
601
1817
3058
1182
2082
519
2705
1855
2533
1236
1836
2311
1274
109
1329
2236
1095
3057
3023
124
149
2304
2991
2043
3037
2585
2279
2239
161
1855
2307
3087
346
2919
3012
835
1433
2874
1162
1653
828
3118
2287
3116
1386
2821
2503
992
21
841
67
934
2817
2506
2171
824
2178
603
3168
1018
457
1950
828
9
688
2338
1969
1029
265
392
3191
1810
404
2170
201
3003
2253
883
2277
267
505
1858
2434
2173
3181
493
3189
1431
1903
1961
789
1893
1825
1458
2540
724
1048
517
3071
241
2125
1774
1600
857
971
3124
1817
1192
187
1966
1352
759
2139
1318
1822
278
418
3187
1193
3180
1825
3189
2768
1236
2684
1381
2164
2701
3180
2344
3100
702
1142
2646
984
1770
1255
1153
510
1406
2564
1966
1829
1126
1032
3159
761
962
386
328
596
364
513
187
1749
336
2843
1055
1725
3069
2243
917
1638
766
1395
2756
1495
2639
2665
1223
2488
1092
913
2691
1351
2602
421
2261
7
1750
3041
1198
2718
1423
911
2473
2386
1249
939
1216
438
1282
845
645
1200
160
2122
2501
1687
1170
683
806
738
2423
722
2335
1799
3102
323
1005
1472
1211
2340
828
1380
1740
222
2122
2374
2886
2115
1987
1327
199
2617
140
1109
1243
1519
2308
324
2105
546
817
170
2198
2271
2978
2054
816
2294
694
866
2229
794
1207
86
1529
1211
1382
2191
1828
2260
351
408
2305
275
952
2827
2267
2182
1573
1295
723
1708
2222
1006
649
1685
1656
2581
2690
2523
2213
1806
2514
2364
2748
2598
1140
2412
725
1595
1165
711
1896
1495
1921
1843
1706
2266
1509
2094
909
803
3
451
1459
2894
450
1453
1732
2341
1872
1110
2244
560
2384
2846
539
2491
642
1212
2174
2680
757
897
1761
763
2759
1462
2685
248
1198
2618
820
2125
1092
2757
476
836
1363
125
618
817
168
2679
1605
906
435
613
544
2024
1106
2098
2371
1809
1765
1746
2912
2502
1292
968
364
2914
252
1033
2183
56
1677
2090
2860
1719
2112
836
1197
386
303
1604
950
25
816
637
655
2061
1366
849
1664
84
499
301
1329
2056
2384
2761
1383
2101
1337
2841
2024
133
485
149
1216
2506
2323
2337
1839
187
823
2333
753
460
1485
2155
251
2480
1813
335
309
1219
2723
2062
534
2217
2812
2148
2174
64
1275
408
1519
2697
2599
2645
1890
2731
2750
2083
850
1305
631
324
276
859
1402
1371
123
2571
29
2508
838
1055
2387
797
2112
2436
90
1066
1738
281
420
1347
638
2672
1540
2420
637
2608
2553
2793
63
684
12
2032
453
421
1862
1946
1196
1286
1181
990
2450
1779
256
528
496
1110
684
1128
342
2704
1407
889
804
2346
2423
2125
1447
2611
1848
478
2683
822
103
2390
926
1723
1761
1862
694
2172
496
1070
1966
1384
1153
2629
407
8
1385
286
728
628
1766
2113
1776
380
809
1992
864
1163
748
1263
63
343
1839
2190
284
114
1154
2018
2450
672
1028
288
507
2069
1714
767
2333
134
1124
2086
1794
265
20
1874
754
299
2043
276
586
444
1289
2675
61
2407
1585
2361
2285
1423
1587
1725
747
1050
6
1072
2187
338
8
819
1938
2593
1774
1454
201
230
2553
1358
2650
317
1397
1019
1556
1846
2386
1807
2134
364
397
840
1192
2051
2099
1862
2096
2657
928
2614
1092
730
2046
2286
1147
1149
822
2180
447
624
1141
122
1056
889
1267
2396
1498
1216
594
783
976
2469
352
1020
23
1356
614
2224
1706
1716
480
1454
2495
557
1756
896
2051
421
2614
535
2121
1314
1343
2192
1129
1929
2560
1565
2188
1172
1763
2634
2649
1779
2551
1987
2218
1546
2172
2181
903
844
29
720
381
1808
1118
2346
1987
1105
1256
2647
723
511
2409
173
49
1520
933
2165
2255
1205
1502
1963
1382
129
1961
2317
2324
1708
186
2493
714
2603
2060
225
2493
126
1677
1462
1997
1355
582
2341
946
2266
913
1641
1953
1055
2095
1196
191
695
2073
1959
2442
1970
2059
2549
1404
2428
767
217
410
1032
635
1053
1642
2419
528
1288
2193
872
1531
789
695
1962
1206
901
2045
429
197
2315
2390
1421
580
2335
509
675
1574
2215
2426
981
1723
1871
1463
138
2037
1034
528
1117
1806
861
1406
168
848
927
168
871
1166
375
1774
2416
1048
1094
234
2091
993
743
1858
1918
1381
1161
48
305
113
1425
2405
828
1749
1310
380
957
2351
627
973
652
1718
1351
1187
562
1685
1802
1421
2010
1632
2328
986
40
2314
1999
2140
56
1080
1255
1494
1938
1247
46
576
1631
198
2310
158
852
861
2457
2217
796
1333
1720
2297
619
128
2372
1550
2337
294
1207
2276
1570
2450
487
2420
1357
2378
1594
1327
1051
830
2389
900
1398
2088
2060
1442
1828
410
2078
458
233
532
1693
2312
976
1629
1315
358
1983
2103
72
2390
1141
761
133
461
2052
3
1671
2224
1497
257
1926
2036
2016
959
2421
258
1685
1689
1371
1880
1826
1353
1785
163
1179
762
1985
1533
449
463
1836
1235
2307
1492
799
612
1785
792
2020
2002
812
1033
2049
203
1193
1044
1383
2333
127
128
727
1387
1902
2098
1655
1839
1175
1503
763
1950
591
795
927
894
282
1576
1247
820
731
1867
1909
2222
584
241
132
772
1110
40
2263
336
288
163
1990
176
2261
550
220
1300
1774
1699
1511
301
365
863
1001
584
436
1437
2229
1036
361
344
2091
955
1538
1238
614
1035
2162
721
1399
1983
2085
1411
1232
121
707
883
1532
313
608
189
2262
857
1836
1018
1853
2272
335
2109
1851
144
2149
319
1583
2032
1499
678
2159
2188
1654
689
42
2215
1234
724
1296
148
2225
2136
64
1020
87
129
1212
2121
1680
1231
1143
2007
374
130
2246
1137
873
902
1625
652
156
102
588
1424
710
1687
660
976
263
983
1706
995
2254
183
1009
1645
1601
241
491
410
1317
400
2159
1387
14
1327
1781
1719
716
1024
239
557
195
374
1179
1394
223
1019
1101
317
1629
416
454
218
931
1700
2067
1503
905
58
1254
282
448
830
370
88
904
1733
760
1265
73
344
877
2164
1537
1642
1362
122
262
2094
143
1628
2025
1238
332
693
600
407
438
1454
998
833
1281
321
1843
1393
55
904
37
1278
779
1435
599
2144
668
1501
1792
1056
777
1034
2063
1065
280
877
926
132
1535
380
343
65
54
433
266
1365
1993
1317
2153
1918
216
820
263
296
1528
1555
21
996
760
649
1760
1866
658
499
1632
1413
2041
87
896
1200
1851
858
1066
504
807
936
531
1362
1833
1531
406
588
832
702
1991
1600
1544
1528
1834
225
254
761
242
1968
1672
347
934
280
249
1698
2104
1631
319
876
1846
1316
215
1958
1414
1315
402
572
1526
260
942
2031
574
877
276
10
1314
1527
645
571
1771
1793
390
191
951
50
690
1322
1777
148
586
1970
416
1293
461
113
1772
1693
514
1473
866
1487
417
99
1172
522
1700
226
1101
799
1860
1190
152
590
707
384
1874
1241
1081
330
1210
1512
1306
1408
795
1150
274
1346
854
860
225
874
2019
456
1224
1871
558
663
333
961
1412
400
478
1088
991
1309
839
1351
109
1654
1239
538
168
36
217
1963
797
1568
235
752
372
1979
984
301
1897
1130
531
562
1061
819
1367
1671
1557
60
1634
1230
1822
1468
1431
678
1898
1239
879
1793
649
916
1291
83
97
1578
1659
799
364
1214
1584
177
655
1649
1024
365
182
1502
1246
1803
735
1713
638
1577
705
1093
1078
66
1800
677
1441
803
1037
178
1595
581
880
1290
1816
1069
980
1279
25
786
1406
1581
373
370
1871
169
437
803
1010
1766
1551
346
688
10
31
935
703
1089
467
1533
1552
1717
1780
197
793
1217
212
411
1366
1134
1370
1407
302
18
765
464
932
1890
684
1073
263
1551
1181
1382
749
1235
416
1651
821
302
153
1854
323
1509
1758
1404
457
47
647
1686
1537
1104
835
878
152
1563
1602
1199
242
1201
1391
939
554
1638
1108
740
314
1489
1052
1219
637
331
449
997
334
1123
965
116
1255
1561
735
349
644
343
617
986
299
1121
587
950
823
1271
238
1295
135
1497
1263
1515
1262
1502
118
398
420
664
1820
748
1342
2
732
1166
635
1555
1509
5
292
1143
902
1341
1743
742
1588
1363
1603
1317
1750
144
766
223
1319
710
1382
506
876
104
597
1689
1144
1080
1050
433
524
1078
1099
1193
1388
745
332
586
12
1525
1178
35
1577
1615
1520
262
1041
742
14
417
1316
414
468
1420
926
1124
1606
1121
668
458
69
1160
1306
204
1572
618
904
936
518
781
634
846
198
27
1420
463
1578
621
920
1326
1044
1239
273
126
1429
883
1002
796
1409
47
1072
670
945
310
392
762
1122
570
1182
1443
1037
1144
1009
472
847
1133
1490
93
1175
988
799
17
222
950
71
778
1008
84
84
1037
1094
1552
4
852
1325
579
285
1249
1666
930
814
77
731
1259
1615
486
1092
695
18
1171
905
190
169
992
1398
1091
1672
321
1611
1444
1526
156
1367
925
700
347
30
260
29
516
1100
743
1144
1199
525
529
1644
935
690
914
38
328
1143
742
946
381
1631
1293
275
1115
133
585
102
860
1216
205
888
825
1591
1001
1518
860
1318
1053
63
769
308
428
94
1159
850
716
1401
1302
384
713
307
114
998
686
1153
950
841
431
179
1173
749
347
119
438
338
115
45
105
408
663
1585
1403
1183
443
1517
869
140
1367
1547
570
1031
1037
1256
1395
1091
510
1255
964
761
593
1237
611
1090
452
1094
476
1504
795
176
1210
1229
613
1253
989
1376
759
988
514
126
1268
1311
980
690
857
909
930
480
608
1497
622
426
755
800
731
601
1363
1018
1529
1356
1144
1408
767
573
1412
756
1047
1093
1409
1372
799
28
645
250
1026
49
1485
1303
260
277
864
61
507
1315
780
218
1002
422
701
1373
799
930
903
849
396
1283
1387
502
131
382
805
499
468
1058
540
546
669
219
911
840
1178
1323
507
17
628
592
796
1136
1036
840
133
426
916
199
105
1374
404
1068
1338
72
676
641
1057
262
1418
202
477
324
1342
749
814
792
405
1018
385
812
959
184
1043
812
1405
654
480
1218
141
231
530
32
797
74
1066
397
560
820
653
302
1389
1018
1191
891
896
671
433
974
880
1058
248
1117
1387
949
895
1238
353
1132
914
314
222
219
1259
348
971
383
698
969
1149
976
969
777
550
138
244
90
999
453
667
1026
170
934
732
202
214
717
468
1184
1265
868
830
447
1013
1305
52
784
69
125
412
1318
196
684
1001
1151
876
957
1039
160
72
1265
1188
134
394
1196
652
1323
1167
636
1162
1193
431
563
1086
667
1085
692
991
248
457
334
29
484
1064
305
262
872
397
879
1174
818
745
608
736
918
628
577
650
470
727
636
131
539
951
1066
957
852
668
1126
389
399
482
105
595
823
1134
510
823
17
716
168
474
969
192
1017
675
56
470
15
286
896
110
912
486
1026
411
93
728
1131
987
241
55
742
521
1085
382
1155
92
418
926
418
71
333
921
1030
239
955
933
737
746
1156
57
41
597
49
263
825
450
140
356
249
1196
1012
1111
21
1150
31
308
489
75
64
26
977
369
292
639
101
247
651
506
92
329
1082
287
557
96
820
991
957
38
747
939
1100
844
711
832
1147
95
283
976
480
99
897
901
1087
837
717
889
493
927
452
1050
1191
284
1072
463
881
850
1081
138
1116
33
617
912
340
552
871
190
85
41
663
1066
1007
988
1057
643
916
289
489
98
1082
197
457
115
832
963
860
1025
779
258
1104
491
686
297
353
493
420
923
1048
275
658
392
762
438
101
866
497
654
423
1006
364
714
430
44
347
291
452
654
408
39
567
574
706
96
219
415
919
1116
183
47
54
774
160
996
384
263
1087
893
449
158
89
793
409
627
344
244
232
1009
199
574
209
156
236
371
158
859
1063
998
1089
201
682
85
146
342
373
803
992
510
764
505
222
44
671
1053
379
204
751
971
785
560
767
795
145
94
507
953
256
379
211
566
182
822
1046
608
1027
437
327
891
596
388
527
204
888
619
365
544
463
273
231
984
399
32
254
1008
987
300
83
98
114
244
486
697
387
630
572
60
453
227
954
671
185
196
261
438
737
223
364
894
15
991
895
888
499
55
470
597
16
639
724
218
63
942
15
949
132
161
477
654
456
848
39
500
412
941
236
963
29
723
60
795
177
33
73
861
397
379
525
708
938
631
820
169
917
11
620
584
102
33
859
207
274
843
240
248
469
411
703
792
113
145
535
923
878
341
338
262
42
918
239
891
76
341
925
34
573
293
814
173
65
378
97
34
54
487
148
165
445
741
400
295
659
120
170
673
572
394
91
654
903
896
15
879
66
83
175
856
274
462
42
631
787
493
418
352
240
504
861
528
324
408
596
216
242
155
617
170
704
469
874
123
558
201
476
342
402
533
831
239
673
359
864
360
797
706
676
188
561
648
212
720
484
177
675
427
500
659
692
687
624
206
397
261
625
708
208
411
594
494
585
519
561
359
243
438
165
703
373
213
742
162
14
438
760
559
688
801
127
801
328
713
482
518
128
650
584
687
426
113
258
87
212
595
734
257
76
221
427
71
645
124
794
198
75
630
286
618
389
289
190
545
518
1
169
571
242
387
552
556
622
542
595
613
160
76
358
235
264
743
644
565
706
221
282
504
263
539
408
422
499
698
564
309
78
146
408
339
25
149
486
222
168
427
423
434
245
703
618
532
601
8
77
485
657
24
435
191
224
620
244
38
593
229
45
343
304
8
640
117
163
124
147
176
171
34
497
399
703
336
582
23
430
404
203
105
556
49
659
181
135
648
367
205
48
509
540
122
516
581
106
548
4
91
671
271
93
178
400
275
362
286
83
302
22
460
390
595
6
179
99
575
518
334
389
340
511
28
357
70
29
191
637
381
113
452
143
362
472
456
89
525
301
480
511
229
53
580
31
436
488
581
271
166
560
137
262
526
318
322
320
474
608
488
496
458
374
189
132
44
379
579
105
128
231
553
555
576
65
174
509
220
315
104
512
298
429
204
553
380
525
338
430
593
46
486
15
514
280
359
142
292
452
48
50
468
195
224
250
450
93
389
187
437
370
384
270
119
344
3
302
454
382
342
53
301
119
5
268
43
549
481
405
349
398
213
411
440
84
44
149
191
510
366
153
539
49
123
472
210
116
299
526
525
136
309
198
523
480
315
127
523
293
367
161
281
123
456
203
244
396
375
359
336
78
498
46
475
236
499
357
338
262
265
492
125
173
418
20
223
311
308
164
278
171
22
157
363
267
480
292
402
390
355
323
114
337
20
396
358
470
188
62
326
35
334
467
246
298
195
303
443
58
389
46
312
177
149
178
426
196
375
267
35
293
101
352
245
355
29
439
20
284
340
293
417
375
314
405
4
386
132
404
325
235
132
174
167
200
130
400
181
99
206
205
140
287
63
263
66
309
373
306
176
54
323
46
228
401
325
78
108
42
67
285
245
116
57
115
192
289
104
253
343
251
293
349
339
68
284
217
272
357
165
190
362
180
285
50
183
56
179
276
270
335
148
160
289
332
116
80
57
22
326
194
104
126
203
272
237
181
152
151
248
81
186
228
187
300
306
286
20
177
153
242
240
196
226
274
233
332
240
108
277
16
271
274
1
71
69
313
153
57
83
262
254
64
259
321
179
242
25
253
303
27
198
98
175
101
94
52
65
101
164
239
238
155
281
113
70
229
25
152
180
95
42
69
130
263
263
170
21
248
127
233
206
213
46
272
176
260
17
189
6
45
264
150
218
191
99
124
132
23
92
46
7
13
17
75
74
236
231
195
29
183
54
163
186
47
29
123
47
238
200
210
227
187
214
58
146
147
183
236
206
180
222
149
60
203
2
40
62
34
54
169
203
139
220
105
195
127
192
39
84
69
13
8
54
196
188
57
121
173
0
137
202
192
126
33
72
82
164
100
186
188
11
69
91
23
53
189
184
84
18
60
79
119
78
114
45
26
104
177
111
161
7
53
159
55
25
139
111
116
32
82
147
88
59
107
82
83
130
34
101
0
12
138
84
127
144
32
13
114
75
77
62
78
135
36
103
99
6
13
17
86
84
61
102
19
35
43
124
49
60
47
78
29
20
119
66
77
1
92
80
27
72
18
76
88
105
74
41
80
53
79
9
94
53
80
32
42
94
37
89
30
92
69
14
67
81
50
57
7
85
64
2
54
23
33
9
50
9
61
59
42
37
35
43
36
64
7
66
49
61
63
32
8
35
39
37
5
6
27
53
9
42
34
45
8
30
26
33
40
32
17
43
20
25
16
6
15
31
27
12
26
26
8
28
10
0
30
23
5
22
0
14
18
12
3
16
15
14
9
7
5
8
4
2
3
10
4
8
4
2
2
1
2
1
1
1
0
