383
664
901
303
233
185
766
222
265
426
932
637
286
592
811
66
588
800
106
55
591
811
849
482
518
5
100
146
199
464
359
270
54
819
17
822
13
853
555
420
549
956
351
386
88
872
950
893
163
915
263
11
775
867
854
513
798
256
646
809
145
555
564
801
560
460
254
483
69
588
204
695
574
477
26
742
914
387
701
620
687
10
474
91
32
489
823
230
50
385
712
573
116
692
835
227
226
636
16
388
495
221
314
340
379
801
161
222
109
855
712
456
37
514
74
136
677
137
370
77
840
423
265
813
513
396
713
2
613
864
177
533
285
90
114
200
490
525
793
467
368
852
182
392
151
74
192
603
244
836
340
792
756
466
464
190
566
459
377
279
179
14
802
320
693
685
817
153
106
388
534
158
383
687
7
741
275
392
657
466
472
11
195
113
299
417
294
514
490
569
89
275
155
382
374
733
627
337
80
315
376
755
109
137
765
203
250
431
160
506
328
219
705
102
71
736
364
417
478
491
230
626
744
575
388
15
659
401
250
592
249
209
702
635
403
192
235
321
704
347
382
627
355
587
526
308
736
49
639
646
105
1
277
492
272
305
144
408
156
396
2
620
734
528
634
338
696
666
726
651
20
507
620
704
27
125
300
83
189
282
441
258
181
407
288
158
277
56
499
670
439
243
97
100
68
10
350
205
344
337
390
38
334
428
456
412
307
663
655
466
317
235
228
259
231
29
644
535
602
572
486
543
613
473
205
430
171
379
537
586
359
331
300
315
83
433
639
410
134
474
360
306
240
194
340
481
108
69
376
312
522
38
121
176
290
529
340
315
398
234
618
515
90
130
293
126
61
391
292
553
284
329
615
221
111
526
162
275
504
148
119
554
187
607
437
322
346
127
373
339
266
165
256
194
22
381
472
25
426
119
528
104
154
447
330
78
516
492
457
242
433
437
469
99
428
249
327
102
404
574
400
81
554
381
137
165
335
295
415
193
563
211
142
225
178
436
127
89
309
330
156
62
260
272
264
374
118
110
266
524
106
530
138
230
223
513
495
473
392
54
200
187
355
501
15
46
335
52
387
209
305
291
264
300
221
114
233
49
173
53
417
304
184
397
5
199
419
430
36
49
503
506
285
46
276
390
285
382
390
200
261
269
312
433
7
86
49
347
486
43
206
330
205
59
24
71
412
218
172
82
45
390
168
301
236
46
108
131
244
419
338
282
414
45
237
130
91
314
101
254
377
406
170
439
174
365
96
335
44
19
410
139
45
380
215
371
236
118
97
214
18
171
226
98
208
132
52
140
217
98
245
31
237
298
323
233
41
149
15
109
69
39
11
315
277
204
207
312
168
94
268
179
401
197
262
38
69
275
9
106
270
40
89
373
365
113
10
67
373
47
261
386
182
332
370
281
257
268
297
125
374
345
259
354
191
271
121
329
66
202
278
215
201
149
280
312
87
297
160
327
218
118
44
348
14
177
274
160
289
73
236
74
204
113
157
259
217
199
321
149
67
196
230
240
138
140
235
183
168
185
125
300
283
150
233
39
85
251
141
278
165
179
116
278
313
110
15
237
118
252
66
204
139
158
38
173
195
302
144
207
188
220
16
125
70
157
74
46
9
33
233
160
205
129
247
136
50
260
7
44
3
47
250
88
258
154
33
174
241
213
229
44
208
211
55
70
36
46
111
134
195
70
121
26
199
221
105
17
216
19
115
15
196
25
12
168
19
42
10
21
139
152
62
53
76
47
90
24
115
182
38
210
155
0
136
30
173
117
61
61
147
152
78
87
144
49
4
51
34
105
80
71
39
95
28
83
101
140
39
167
72
66
192
25
89
137
65
36
67
111
49
148
57
91
25
108
43
168
78
28
97
64
96
96
70
123
9
160
62
68
42
149
69
50
124
150
52
59
67
114
80
100
81
129
125
29
140
89
106
45
47
44
31
11
60
137
97
81
10
97
130
76
54
99
109
87
2
50
73
61
110
17
46
94
27
40
120
21
96
104
52
57
79
19
110
36
112
20
81
71
45
38
6
104
89
31
2
79
61
18
32
17
53
92
91
55
12
6
37
85
65
68
78
36
84
46
76
21
50
63
8
45
11
29
64
60
36
68
41
3
42
42
58
59
22
25
63
10
59
9
48
35
51
4
9
37
21
52
13
4
1
21
14
38
23
23
8
33
35
22
10
0
25
22
31
12
7
20
17
10
22
0
1
10
2
23
8
4
16
20
6
1
2
9
4
8
12
9
7
6
4
7
0
1
5
3
0
1
0
0
